BURST_NUMBER,ORIENTATION,START_TIME,Gate0,Gate1,Gate2,Gate3,Gate4,Gate5,Gate6,Gate7,Gate8,Gate9,Gate10,Gate11,Gate12,Gate13,Gate14,
1,R,126.6,NA,0.0,19.303124,19.546427,20.040695,20.35617,20.76479,21.165963,22.635647,22.676552,22.722306,22.770397,22.819258,22.897286,22.965405,
2,L,296.7,NA,0.0,3.149678,3.922463,3.987416,4.083288,4.174069,4.268873,4.370202,4.470614,4.616906,4.884362,5.176961,5.471335,5.656961,
3,R,347.5,0.0,0.064336,0.11091,0.155282,0.211989,0.263598,0.321631,0.380932,0.455558,0.50688,0.592478,0.673327,0.758361,0.84001,0.892206,
4,L,405.9,0.0,0.532844,0.593101,0.632441,0.703388,NA,NA,NA,0.890694,0.947638,1.008096,1.075043,1.147684,1.263698,1.326402,
5,R,444.0,0.0,0.019946,0.108582,0.226929,0.332089,0.476975,0.603198,0.6987,0.84879,1.117044,1.183414,1.369654,1.458523,1.51923,1.586927,
6,L,503.7,NA,NA,0.0,NA,NA,NA,NA,NA,2.382942,8.497649,8.687556,9.030206,9.540623,10.744184,11.373322,
7,R,550.3,0.0,12.516913,NA,NA,NA,NA,NA,-5.71716,23.500747,23.613397,23.735686,23.867405,23.934202,23.987789,24.068431,
8,L,616.0,NA,NA,NA,NA,NA,NA,NA,NA,NA,NA,NA,NA,NA,NA,0.0,
9,L,732.6,NA,0.0,0.092773,NA,NA,NA,NA,NA,-23.17933,0.905639,1.102206,1.304185,1.515095,2.180735,2.456719,
START_TIME,1596117170.0,
END_TIME,1596117924.0,
TOTAL_TIME,753.6