BURST_NUMBER,ORIENTATION,START_TIME,Gate0,Gate1,Gate2,Gate3,Gate4,Gate5,Gate6,Gate7,Gate8,Gate9,Gate10,Gate11,Gate12,Gate13,Gate14,
1,L,153.4,NA,NA,NA,NA,0.0,29.048775,29.190283,29.431197,29.567199,29.771427,NA,NA,-12.027397,30.858612,30.989578,
2,R,239.5,NA,NA,NA,NA,NA,0.0,14.116818,14.72371,NA,NA,NA,2.14707,15.962905,16.143414,16.322178,
3,L,338.7,NA,NA,0.0,9.392398,9.413127,9.618413,9.642964,9.742438,9.808393,NA,10.064681,10.06918,10.133784,10.249887,10.28582,
4,R,398.0,0.0,0.014701,0.079379,NA,NA,NA,NA,NA,-11.686184,NA,0.592219,NA,NA,NA,7.8232,
5,L,452.2,0.0,0.116892,0.276947,0.432756,0.590112,0.78496,0.976743,1.340263,1.463815,2.083578,NA,NA,-0.418572,2.901713,2.9533,
6,R,510.5,NA,NA,0.0,5.18743,5.532212,6.096609,6.273623,6.480949,6.642122,6.796507,7.020818,7.245598,7.75853,8.493981,9.023825,
7,L,567.3,NA,NA,NA,NA,NA,0.0,8.241575,8.282974,8.333881,8.4013,8.498918,8.563678,8.657123,8.758635,8.794454,
8,R,609.8,NA,NA,NA,NA,NA,NA,NA,NA,NA,NA,NA,NA,NA,NA,0.0,
9,L,640.1,NA,NA,NA,NA,NA,NA,NA,NA,NA,NA,NA,NA,NA,NA,0.0,
10,R,742.8,0.0,0.04699,0.117935,0.347011,0.383919,0.454374,0.549263,0.741054,0.813793,0.913321,1.028405,1.190029,1.338616,1.418641,1.486108,
START_TIME,1596118471.0,
END_TIME,1596119223.0,
TOTAL_TIME,752.4