BURST_NUMBER,ORIENTATION,START_TIME,Gate0,Gate1,Gate2,Gate3,Gate4,Gate5,Gate6,Gate7,Gate8,Gate9,Gate10,Gate11,Gate12,Gate13,Gate14,
1,L,316.4,0.0,0.275403,NA,0.525944,0.549942,0.763539,1.0936,1.279809,1.55796,1.885541,NA,NA,-18.824257,4.861306,4.863842,
2,L,398.5,0.0,0.370143,1.416789,1.758706,1.818663,1.892303,1.989282,2.138962,2.218804,2.314669,NA,NA,-20.309337,2.80163,2.870048,
3,R,478.8,0.0,0.065365,0.12933,0.264344,0.363062,0.454655,0.568547,0.64587,0.726207,0.829772,0.975805,1.204126,1.539961,2.110407,2.343998,
4,L,542.2,0.0,0.138417,0.514558,1.139392,1.539606,1.603315,1.702597,1.832529,2.03133,2.276363,2.515233,2.850777,3.211103,3.591252,3.784422,
5,R,585.0,0.0,2.713644,2.836626,2.945179,3.000922,3.083594,3.178188,3.255793,3.322577,3.381617,3.450557,3.554036,3.701665,3.9115,3.995461,
6,L,663.7,0.0,NA,0.122462,0.254692,0.50391,0.592506,0.7013,NA,0.915301,1.286756,1.413296,1.49935,1.595077,1.821822,2.013244,
7,L,740.1,0.0,0.045982,0.211811,0.507159,NA,NA,NA,NA,NA,-12.556718,2.023562,2.122305,2.202324,2.333966,2.352238,
8,R,790.5,NA,0.0,0.084572,0.208689,0.338161,0.473477,0.545512,0.625825,0.715328,0.811897,0.941087,1.116654,1.364368,1.643412,1.805671,
START_TIME,1596119580.0,
END_TIME,1596120395.0,
TOTAL_TIME,814.6