BURST_NUMBER,ORIENTATION,START_TIME,Gate0,Gate1,Gate2,Gate3,Gate4,Gate5,Gate6,Gate7,Gate8,Gate9,Gate10,Gate11,Gate12,Gate13,Gate14,
1,R,75.4,0.0,0.049479,0.370123,0.727483,1.693304,2.811145,2.901027,2.958892,3.059182,3.161059,3.295774,3.444509,3.590534,3.799455,3.904074,
2,L,139.3,0.0,0.115283,0.524016,2.16294,5.326919,7.865283,9.050995,9.422507,NA,NA,12.169658,12.28864,12.417231,12.578286,12.644037,
3,L,192.4,0.0,0.044577,0.187972,0.650853,3.689732,3.792435,3.901582,4.284717,4.586385,5.022749,5.149816,5.290877,5.435846,5.609649,5.785791,
4,R,236.2,NA,NA,0.0,3.308043,NA,3.536667,3.580862,NA,4.234362,4.252375,4.365603,4.660516,4.806892,5.00283,5.165,
5,L,303.3,0.0,0.068772,0.09811,0.178806,0.274681,0.377061,0.452989,0.497347,0.586161,0.68596,0.826842,0.94454,NA,1.258597,1.311195,
6,R,385.2,0.0,1.047506,1.881419,2.353059,2.747785,3.200585,3.494971,3.961855,4.093252,4.301347,4.317763,4.45209,4.615325,4.732401,4.851049,
7,L,434.3,0.0,0.501044,1.037241,1.876803,2.793159,8.441915,8.898395,9.203203,9.254054,9.317565,NA,NA,3.590074,11.109833,11.185794,
8,R,493.0,0.0,4.430315,NA,NA,NA,NA,5.293318,NA,5.774553,6.04929,6.218089,6.660205,6.885163,7.166659,7.34705,
9,L,556.2,0.0,0.035012,0.567362,1.208759,2.152569,19.74791,19.862486,19.977211,20.057825,20.160673,NA,NA,1.965758,21.14524,21.391718,
10,R,624.8,0.0,0.44358,4.806113,NA,9.223841,9.478362,9.638662,NA,10.01933,10.186353,10.316475,10.573276,10.772873,10.91654,11.094028,
START_TIME,1596121002.0,
END_TIME,1596121654.0,
TOTAL_TIME,652.1