BURST_NUMBER,ORIENTATION,START_TIME,Gate0,Gate1,Gate2,Gate3,Gate4,Gate5,Gate6,Gate7,Gate8,Gate9,Gate10,Gate11,Gate12,Gate13,Gate14,
1,L,79.7,0.0,0.030542,0.145915,0.340405,0.594787,0.865858,1.008826,1.170617,1.300835,1.470371,1.674114,1.958736,2.392512,3.177018,3.967137,
2,R,145.9,0.0,0.149495,NA,1.682526,2.290201,2.599976,2.658826,2.702014,2.768689,2.83133,2.926299,3.019933,3.154439,3.389676,3.51756,
3,L,275.9,0.0,0.257748,0.300179,0.379546,0.394853,0.447105,0.5119,0.573395,0.649529,0.703219,NA,NA,-28.314415,1.228779,1.277041,
4,L,363.1,0.0,0.03389,0.092479,0.139801,0.174292,0.200752,0.247716,0.279372,0.330059,0.383705,NA,NA,-4.244643,0.637132,0.685532,
5,R,432.3,0.0,0.020729,0.079984,0.133269,NA,NA,NA,NA,NA,0.338364,0.398078,0.499558,0.587961,0.689404,0.786604,
6,L,478.9,0.0,0.130779,0.233655,0.269496,0.296439,0.335062,0.378338,0.408231,0.45176,0.497781,0.546512,0.596066,0.6287,0.674995,0.710474,
7,R,548.2,NA,NA,NA,NA,NA,0.0,1.401371,1.693227,1.896768,2.269964,2.628835,3.1632,3.881104,4.682984,5.552564,
8,L,570.2,NA,NA,NA,NA,0.0,NA,NA,4.265194,16.166801,16.240298,16.288254,16.336431,16.387387,16.450942,16.485813,
START_TIME,1596122309.0,
END_TIME,1596122933.0,
TOTAL_TIME,624.6