BURST_NUMBER,ORIENTATION,START_TIME,Gate0,Gate1,Gate2,Gate3,Gate4,Gate5,Gate6,Gate7,Gate8,Gate9,Gate10,Gate11,Gate12,Gate13,Gate14,
1,L,10.7,NA,0.0,21.897071,22.074702,22.366079,22.584901,22.714316,22.854565,23.033094,23.259238,24.031607,24.526386,NA,10.132341,25.108339,
2,R,68.6,NA,NA,NA,0.0,NA,NA,NA,NA,12.163293,NA,NA,NA,15.146283,NA,25.251073,
3,R,125.5,0.0,0.423223,1.761361,3.61406,3.702082,3.791983,3.883187,3.991488,4.129674,4.299904,4.399699,4.479856,4.581705,4.667366,4.713631,
4,L,172.7,NA,NA,0.0,NA,NA,NA,NA,8.119958,22.594962,22.676564,22.755685,22.817946,22.925808,23.007405,23.040245,
5,R,233.9,NA,NA,0.0,0.057492,0.155261,0.177442,0.216956,0.3096,0.342512,0.404223,0.462842,0.500082,0.560387,0.580378,0.612096,
6,L,288.0,0.0,0.545076,0.907256,1.642478,2.55962,2.894364,3.458729,3.519861,3.569208,3.636472,NA,NA,-20.934564,3.928739,3.959547,
7,R,351.6,0.0,7.388828,7.84383,NA,NA,NA,NA,NA,-11.68526,11.180757,11.36092,11.555858,12.031262,12.832396,13.700573,
8,L,395.8,0.0,0.040307,0.09014,0.134302,NA,NA,NA,NA,NA,-2.748129,0.618728,0.683646,0.759066,0.831129,0.866742,
START_TIME,1596123611.0,
END_TIME,1596124023.0,
TOTAL_TIME,412.3