BURST_NUMBER,ORIENTATION,START_TIME,Gate0,Gate1,Gate2,Gate3,Gate4,Gate5,Gate6,Gate7,Gate8,Gate9,Gate10,Gate11,Gate12,Gate13,Gate14,
1,L,46.7,0.0,0.215882,0.478827,0.905021,1.825477,2.778644,2.824264,2.881882,2.96911,3.157898,NA,NA,-15.696619,4.158418,4.25434,
2,R,143.6,0.0,0.11652,0.38062,0.904385,2.291543,2.859202,NA,NA,NA,NA,-6.301699,4.840493,5.060488,5.364778,5.481761,
3,L,206.2,0.0,0.230258,0.396271,0.452429,0.520283,0.619989,0.674986,0.722155,0.777584,0.958504,NA,NA,-5.446552,1.414407,1.449585,
4,R,265.1,NA,NA,0.0,5.951775,6.254967,6.519658,6.657303,NA,NA,7.352493,7.437126,7.792397,7.965666,8.030066,8.082084,
5,L,327.9,NA,NA,NA,NA,0.0,NA,NA,NA,NA,0.916874,3.193054,3.374064,3.618178,3.799049,3.85968,
6,R,348.1,NA,NA,0.0,7.335896,7.580521,7.895189,8.302283,8.428718,8.530764,8.636521,8.757641,8.90039,9.109917,9.341679,9.518378,
7,L,386.8,0.0,0.059682,0.1918,0.400969,0.697045,1.13819,1.577818,1.883325,1.919477,NA,NA,NA,-5.943792,2.185453,2.214432,
8,R,445.3,NA,NA,NA,NA,0.0,31.908306,NA,NA,NA,NA,28.641805,32.9826,33.04453,33.096246,33.127911,
9,L,509.8,0.0,0.054123,0.206861,0.405977,0.513674,0.711677,0.836968,1.008854,NA,1.296097,1.358424,1.528652,1.623377,1.68871,1.704642,
START_TIME,1596124712.0,
END_TIME,1596125245.0,
TOTAL_TIME,532.8