BURST_NUMBER,ORIENTATION,START_TIME,Gate0,Gate1,Gate2,Gate3,Gate4,Gate5,Gate6,Gate7,Gate8,Gate9,Gate10,Gate11,Gate12,Gate13,Gate14,
1,L,41.4,0.0,0.159644,0.569198,0.922173,NA,NA,NA,NA,NA,0.912714,NA,NA,-6.914053,NA,6.146079,
2,L,95.0,0.0,0.115854,0.17125,0.315902,0.614,0.93143,1.060845,1.230655,1.449335,1.692114,2.201562,2.784978,3.526075,3.933699,4.766784,
3,L,118.0,0.0,0.04893,0.217428,0.440916,0.673023,1.110253,1.628674,1.804835,1.891658,1.957576,2.053298,2.156779,2.348398,2.424475,2.443269,
4,R,155.0,NA,0.0,2.406688,2.770114,3.041899,3.55973,3.716438,3.794428,3.956944,4.275059,5.030757,5.886561,6.593501,7.490763,7.63418,
5,L,205.2,NA,NA,NA,NA,NA,NA,NA,NA,NA,NA,NA,NA,NA,NA,0.0,
6,R,271.6,0.0,0.100481,0.453265,1.23234,1.672566,18.84856,18.943036,19.032555,19.200185,19.418876,19.650009,19.793831,19.989383,20.295085,20.696043,
7,R,361.8,NA,0.0,1.682234,1.769174,3.659057,3.778129,3.876746,3.981741,4.07017,4.150212,NA,NA,0.807409,4.605343,4.717865,
8,L,415.6,0.0,0.072123,0.252471,0.373741,0.471625,0.569755,0.762843,0.903265,1.107294,1.39717,1.878896,2.973798,3.531364,3.660908,3.805499,
9,R,444.3,0.0,0.06801,0.338685,0.794663,1.434731,1.804908,2.065667,NA,2.213251,2.29962,2.348165,2.41688,NA,-3.355375,2.736061,
10,L,493.3,0.0,0.083567,0.248598,0.389628,0.48415,0.643703,0.77284,0.927275,1.150695,1.501052,2.188897,3.270115,4.779642,5.880122,6.497363,
11,R,525.8,0.0,0.054677,0.128993,0.225766,0.408075,0.617198,0.708143,0.794652,0.959042,1.167509,NA,NA,-7.631737,1.791073,1.88215,
START_TIME,1596125934.0,
END_TIME,1596126482.0,
TOTAL_TIME,547.7