BURST_NUMBER,ORIENTATION,START_TIME,Gate0,Gate1,Gate2,Gate3,Gate4,Gate5,Gate6,Gate7,Gate8,Gate9,Gate10,Gate11,Gate12,Gate13,Gate14,
1,L,491.2,0.0,0.029628,0.064587,0.100703,0.136947,0.164913,0.204167,NA,NA,NA,NA,NA,NA,8.853562,8.849103,
2,R,544.7,NA,0.0,5.000649,5.053822,NA,NA,NA,NA,NA,-1.151771,5.558727,5.622492,5.721753,5.840626,9.607145,
3,L,607.7,0.0,0.024187,0.141238,0.448736,0.523939,0.569718,0.610206,0.635854,0.68737,0.731807,0.768354,0.808106,0.855021,0.891773,0.907131,
4,R,631.3,0.0,12.266885,NA,NA,NA,NA,NA,-1.241555,14.985582,15.199967,15.300293,15.580932,15.806276,16.449524,16.708928,
5,L,677.9,0.0,11.222355,11.586321,12.646426,12.690316,12.746156,12.819764,12.839826,12.914735,12.965946,12.999569,13.063455,13.11241,13.14314,13.161084,
6,R,720.1,NA,NA,NA,NA,NA,0.0,5.979211,6.07414,6.118671,6.268286,6.414619,6.527271,6.674956,6.788881,6.869722,
7,L,791.4,NA,NA,0.0,18.799538,NA,NA,NA,NA,NA,-8.367193,20.005459,20.462747,21.187289,23.135595,23.22035,
8,R,844.4,0.0,2.073582,2.188248,NA,2.353498,2.484543,NA,NA,NA,NA,-1.93327,5.527922,7.385552,NA,7.624773,
START_TIME,1596128251.0,
END_TIME,1596129115.0,
TOTAL_TIME,864.1