BURST_NUMBER,ORIENTATION,START_TIME,Gate0,Gate1,Gate2,Gate3,Gate4,Gate5,Gate6,Gate7,Gate8,Gate9,Gate10,Gate11,Gate12,Gate13,
1,R,31.1,0.0,NA,1.770324,1.816978,1.906283,1.998353,2.123183,2.483112,2.775175,3.295819,4.400728,5.181574,5.426733,5.549005,
2,L,126.1,0.0,0.313817,0.437922,0.552903,0.649506,NA,NA,0.944296,NA,1.015867,1.084198,1.203798,1.429571,1.526047,
3,R,176.8,0.0,NA,1.664428,2.543295,2.936712,2.966288,3.018317,3.133385,3.230013,3.424078,3.542988,3.796873,3.96246,4.060891,
4,L,230.7,NA,0.0,7.552495,7.613472,7.656465,7.682054,7.720795,7.80957,7.856669,7.905932,7.93452,7.965319,8.019514,8.023157,
5,R,264.6,0.0,0.098021,0.268169,0.485796,NA,0.962189,1.067331,1.255498,1.341269,1.394522,1.42533,1.457314,1.494953,1.530083,
6,L,309.2,0.0,0.085436,0.217791,0.325937,0.45209,0.563904,0.69548,0.936068,1.065031,1.213739,1.409725,NA,-1.204873,2.14328,
7,R,357.8,0.0,NA,0.348725,NA,0.800011,0.931613,1.189614,1.571546,1.769621,1.908552,1.976337,2.077272,2.173536,2.258499,
8,R,393.0,0.0,NA,0.398236,0.646248,0.727872,0.87131,1.007341,1.35059,1.531532,NA,1.936862,2.167524,2.265413,2.312991,
START_TIME,1596418201.0,
END_TIME,1596418616.0,
TOTAL_TIME,415.6