BURST_NUMBER,ORIENTATION,START_TIME,Gate0,Gate1,Gate2,Gate3,Gate4,Gate5,Gate6,Gate7,Gate8,Gate9,Gate10,Gate11,Gate12,Gate13,
1,L,47.9,0.0,0.026992,0.191229,0.697998,1.041356,2.273596,2.34959,2.431619,2.465847,2.496696,2.527548,NA,NA,2.686775,
2,R,98.7,NA,0.0,3.550315,4.455557,4.540518,NA,NA,NA,NA,NA,NA,6.33989,6.537252,7.126863,
3,L,150.0,0.0,0.062456,0.213893,0.409447,0.590588,0.823716,0.966461,1.510969,1.936629,2.353558,3.091536,4.612561,4.704934,4.791024,
4,R,187.8,0.0,-0.008718,0.127007,0.23845,0.347599,0.39093,0.462424,0.58103,0.638764,0.717397,0.853538,1.130753,1.621648,2.142845,
5,L,277.2,0.0,0.177822,0.425173,0.474293,0.515941,0.555623,0.583582,0.652807,0.681263,0.705207,0.736851,0.768535,0.814162,0.816746,
6,L,317.0,0.0,NA,0.318875,0.531275,1.11338,1.604671,1.67701,1.776342,1.821912,1.862174,1.898679,1.953007,1.984723,2.016439,
7,R,408.1,NA,NA,NA,NA,NA,NA,NA,NA,NA,NA,NA,NA,0.0,-0.12925,
8,L,446.7,NA,NA,NA,0.0,0.119843,0.226766,0.316198,0.645773,1.114645,1.869579,NA,5.803479,5.934509,5.981724,
START_TIME,1596419390.0,
END_TIME,1596419883.0,
TOTAL_TIME,493.0