BURST_NUMBER,ORIENTATION,START_TIME,Gate0,Gate1,Gate2,Gate3,Gate4,Gate5,Gate6,Gate7,Gate8,Gate9,Gate10,Gate11,Gate12,Gate13,
1,L,87.8,NA,NA,NA,NA,NA,NA,NA,NA,NA,NA,NA,NA,NA,0.0,
2,L,123.4,NA,0.0,10.399221,10.465182,10.48094,10.510126,10.549592,NA,NA,10.696751,10.761475,10.842847,10.905656,10.921048,
3,R,211.9,NA,NA,0.0,3.049728,3.302155,3.339593,3.381761,3.464665,3.50408,3.552322,3.588208,NA,0.981292,3.719169,
4,L,272.9,NA,0.0,NA,2.034057,NA,2.121156,2.161621,2.329313,2.409382,2.474784,2.525953,2.581303,2.648812,2.677439,
5,R,325.3,NA,0.0,11.92451,12.425508,12.451985,12.509455,12.601849,12.75383,12.784984,12.828058,12.877027,12.924311,12.977103,12.992615,
6,L,447.6,0.0,NA,0.561111,0.601379,0.661382,0.698833,0.737919,0.806701,0.864861,0.896891,0.928634,0.97812,1.008949,1.028038,
7,R,486.0,0.0,0.067085,0.683149,1.243197,1.487665,1.558831,1.653123,1.8471,1.928628,2.000991,2.033601,2.095308,2.146481,2.184191,
8,R,616.2,NA,NA,NA,NA,NA,NA,NA,NA,NA,NA,0.0,NA,-0.101533,1.231592,
START_TIME,1596420960.0,
END_TIME,1596421698.0,
TOTAL_TIME,738.2