BURST_NUMBER,ORIENTATION,START_TIME,Gate0,Gate1,Gate2,Gate3,Gate4,Gate5,Gate6,Gate7,Gate8,Gate9,Gate10,Gate11,Gate12,Gate13,
1,L,20.1,NA,0.0,13.368805,14.217762,14.293679,14.403718,14.619363,15.785875,15.836235,15.86785,15.898588,15.94468,15.964067,15.983444,
2,R,71.3,0.0,0.049126,0.142584,0.273202,0.590653,1.166532,1.795649,1.911418,1.959284,2.001761,2.032799,2.077696,2.10953,2.144598,
3,R,114.0,NA,NA,NA,NA,NA,0.0,13.471395,NA,NA,NA,NA,-4.360484,14.031048,14.110904,
4,L,158.4,NA,0.0,20.15911,20.334448,20.548915,NA,20.893393,21.22592,21.497315,NA,NA,22.129596,22.502956,22.925976,
5,R,351.0,NA,NA,NA,NA,NA,NA,NA,NA,NA,NA,NA,0.0,0.220018,0.809433,
6,L,384.8,NA,0.0,7.797995,8.311621,NA,NA,NA,NA,8.803784,NA,NA,0.355385,NA,9.513147,
7,R,503.3,0.0,0.38693,0.990356,1.630274,1.650553,NA,1.947148,NA,2.056939,2.127983,2.18524,NA,-13.244375,2.398853,
8,L,546.3,NA,0.0,11.960068,NA,NA,NA,12.336822,12.494413,12.615417,12.781146,NA,13.318967,13.467538,13.486574,
START_TIME,1596424279.0,
END_TIME,1596424865.0,
TOTAL_TIME,586.4