BURST_NUMBER,ORIENTATION,START_TIME,Gate0,Gate1,Gate2,Gate3,Gate4,Gate5,Gate6,Gate7,Gate8,Gate9,Gate10,Gate11,Gate12,Gate13,
1,R,66.5,NA,NA,0.0,2.758043,2.796829,2.837369,2.87411,2.934358,2.966162,3.014302,3.065434,NA,-4.061806,3.157508,
2,L,148.3,NA,0.0,9.758495,9.83329,9.895364,9.997939,10.079401,10.212978,10.264754,10.334269,10.436879,10.547679,10.634498,10.653541,
3,R,227.8,NA,NA,0.0,6.062158,6.120793,6.168963,6.259159,6.376898,6.44432,6.522116,6.612166,NA,-7.865732,12.122569,
4,L,309.3,NA,0.0,15.994781,16.142858,NA,NA,NA,16.740941,16.861919,NA,NA,4.241676,17.348924,17.410419,
5,R,456.1,0.0,0.240081,NA,NA,NA,NA,7.25805,NA,NA,NA,8.292247,NA,9.267737,9.59416,
6,L,505.6,NA,NA,NA,NA,NA,NA,0.0,0.08316,0.131194,NA,NA,-16.550783,0.427017,0.447062,
7,R,576.5,0.0,0.052138,0.160474,NA,NA,NA,1.090437,NA,NA,NA,NA,3.05529,3.45807,3.359446,
8,L,609.2,NA,NA,0.0,NA,NA,5.935594,NA,6.322308,NA,NA,NA,7.123774,NA,7.526457,
9,R,639.3,0.0,0.091696,0.400649,NA,NA,2.010307,2.076336,NA,NA,NA,2.79648,NA,3.114393,3.198504,
START_TIME,1596425563.0,
END_TIME,1596426219.0,
TOTAL_TIME,655.3