BURST_NUMBER,ORIENTATION,START_TIME,Gate0,Gate1,Gate2,Gate3,Gate4,Gate5,Gate6,Gate7,Gate8,Gate9,Gate10,Gate11,Gate12,Gate13,
1,L,503.7,NA,0.0,11.45761,11.497702,11.535594,11.575838,11.614521,11.703279,11.729637,11.765817,11.806999,11.856046,11.915883,11.931316,
2,L,543.9,NA,0.0,78.811556,78.983295,79.118849,79.204544,79.270701,79.47566,79.607653,79.722609,79.786905,79.855673,79.935685,79.985724,
3,R,762.7,NA,NA,0.0,NA,NA,NA,NA,NA,NA,NA,NA,NA,-1.033076,-0.179707,
4,L,865.9,NA,0.0,15.104422,15.153255,15.20021,15.237786,15.276899,15.329717,15.375756,NA,NA,NA,NA,15.535208,
5,R,936.9,0.0,0.236098,0.948683,1.341547,1.523176,1.708491,1.845544,2.292719,2.75007,3.523525,3.885741,NA,-10.577106,4.00125,
6,L,994.1,NA,0.0,NA,NA,NA,NA,NA,NA,NA,NA,NA,64.941566,65.024933,65.043242,
7,L,1083.8,0.0,1.558603,1.907525,2.163231,2.382363,2.580975,2.963361,3.395229,3.575272,3.625161,3.724444,NA,7.059501,7.096051,
8,L,1151.0,NA,0.0,16.155792,16.214384,NA,NA,NA,NA,NA,NA,NA,NA,NA,19.103369,
9,L,1224.7,NA,NA,NA,NA,NA,NA,NA,NA,NA,NA,NA,NA,0.0,-0.061524,
10,R,1284.5,0.0,0.174204,0.269734,0.486045,NA,NA,0.633515,NA,0.840387,NA,NA,1.127699,1.192889,1.355015,
START_TIME,1596427480.0,
END_TIME,1596428786.0,
TOTAL_TIME,1306.6