BURST_NUMBER,ORIENTATION,START_TIME,Gate0,Gate1,Gate2,Gate3,Gate4,Gate5,Gate6,Gate7,Gate8,Gate9,Gate10,Gate11,Gate12,Gate13,
1,R,57.0,0.0,0.0134,0.071572,0.125566,0.150159,0.209834,0.253691,0.345544,0.411016,0.476098,0.603285,0.76498,0.918077,1.097448,
2,L,115.1,0.0,0.09649,0.298792,0.488073,0.652179,0.879321,1.055096,1.951849,3.051861,3.393044,3.718676,5.11544,5.684378,5.793663,
3,R,139.9,0.0,23.901915,24.168435,25.046202,26.701645,27.070021,27.988807,28.705752,28.926639,29.206146,29.344229,29.538508,29.672035,29.736297,
4,L,219.1,NA,0.0,7.495077,7.54231,7.579587,7.634259,7.670225,7.746318,7.800207,NA,NA,-13.861456,8.030521,8.049676,
5,R,286.7,0.0,0.282622,0.330635,0.393747,0.474948,0.562114,0.622878,0.794494,0.931402,1.054112,1.139531,1.205518,1.285392,1.334395,
6,L,358.9,0.0,0.118129,0.331355,0.606647,1.051582,1.49366,1.572452,1.745767,NA,NA,1.888173,1.952172,2.033782,2.065542,
7,R,410.0,NA,NA,NA,NA,NA,NA,0.0,0.233558,0.2854,0.333509,0.413214,0.492571,0.606469,0.65451,
8,L,444.2,NA,NA,NA,NA,NA,NA,NA,NA,NA,NA,NA,NA,NA,0.0,
START_TIME,1596429919.0,
END_TIME,1596430373.0,
TOTAL_TIME,453.8