BURST_NUMBER,ORIENTATION,START_TIME,Gate0,Gate1,Gate2,Gate3,Gate4,Gate5,Gate6,Gate7,Gate8,Gate9,Gate10,Gate11,Gate12,Gate13,Gate14,
1,L,23.9,0.0,2.002107,15.833397,NA,NA,NA,NA,NA,4.366398,15.688736,NA,NA,NA,16.371019,16.391818,
2,R,119.4,0.0,0.003646,0.071911,0.109714,0.16122,0.22951,NA,NA,NA,NA,-7.873345,0.668689,0.782089,0.895328,0.94674,
3,L,169.2,0.0,NA,NA,NA,NA,NA,-2.580047,0.250164,0.274695,0.308884,0.343317,0.373276,0.403667,0.451692,0.4706,
4,R,216.0,0.0,0.160317,0.230266,0.272168,0.302065,0.339115,0.379233,0.42165,0.46711,0.50568,0.542961,0.610524,NA,-5.080894,0.739164,
5,L,281.3,0.0,NA,NA,NA,NA,NA,-5.802305,NA,NA,NA,-5.54813,NA,0.535605,0.61205,0.643635,
6,R,347.2,0.0,0.336712,2.621663,3.574764,3.62374,3.672662,NA,NA,NA,NA,-1.61174,3.92133,3.951238,3.997891,11.037396,
7,L,411.4,0.0,NA,0.191847,0.199303,0.342,0.44919,0.49309,0.638388,0.712035,0.798685,0.947539,1.097605,1.195179,1.324697,1.377373,
8,R,456.6,0.0,0.229413,2.44747,2.606322,2.650218,2.696982,NA,NA,NA,NA,-17.734456,2.975432,NA,-17.367502,3.115227,
START_TIME,1596129780.0,
END_TIME,1596130270.0,
TOTAL_TIME,489.3