BURST_NUMBER,ORIENTATION,START_TIME,Gate0,Gate1,Gate2,Gate3,Gate4,Gate5,Gate6,Gate7,Gate8,Gate9,Gate10,Gate11,Gate12,Gate13,
1,R,40.1,0.0,0.147632,0.219611,0.258559,0.308125,0.366318,0.41002,0.489986,0.542849,0.589957,0.641139,0.677313,0.733853,0.768979,
2,L,77.4,NA,NA,0.0,2.684166,2.977124,3.825769,4.265617,4.833917,4.875318,4.915716,4.963793,5.003484,5.052512,5.071317,
3,R,178.3,NA,NA,NA,0.0,3.411416,3.568695,3.708049,3.96581,4.110803,4.24017,4.417048,4.661772,5.664559,6.843307,
4,R,223.9,NA,0.0,9.052347,10.018276,10.076261,10.157658,10.252729,10.365668,10.429994,10.461877,10.538976,10.609219,10.705405,10.737173,
5,L,268.7,NA,NA,NA,0.0,16.455994,16.511256,16.578977,16.710743,16.760621,16.808673,16.855808,16.904772,17.113532,17.116086,
6,R,315.4,NA,0.0,2.912245,2.982663,3.090835,3.182828,3.274205,3.460458,3.589092,3.779042,4.011663,NA,-0.646916,6.142417,
7,L,373.8,NA,0.0,13.019804,13.096294,13.142067,13.218986,13.282346,13.411843,NA,NA,NA,0.780715,14.103112,14.119116,
8,R,482.3,0.0,0.098726,0.374226,NA,NA,NA,NA,NA,-14.360696,-3.905836,2.847942,NA,-2.420133,3.114875,
START_TIME,1596431264.0,
END_TIME,1596431754.0,
TOTAL_TIME,490.7