BURST_NUMBER,ORIENTATION,START_TIME,Gate0,Gate1,Gate2,Gate3,Gate4,Gate5,Gate6,Gate7,Gate8,Gate9,Gate10,Gate11,Gate12,Gate13,
1,R,126.1,NA,0.0,5.261701,5.298656,5.32812,5.376189,5.406624,5.479512,5.511307,5.541985,5.576535,NA,-8.266807,5.679736,
2,L,212.4,NA,0.0,9.047577,9.319272,9.503673,9.693964,9.851905,10.325072,10.504234,10.612613,10.75036,10.88174,10.990369,11.041871,
3,R,285.1,NA,NA,NA,NA,NA,0.0,23.316064,23.432062,23.493937,NA,NA,-3.483262,23.804632,23.960025,
4,L,379.3,0.0,20.367053,20.5716,20.722259,20.844289,20.957822,21.077749,21.318725,21.415543,NA,NA,6.251311,21.809306,21.857423,
5,L,452.1,NA,0.0,19.613984,19.741105,19.868457,19.993759,20.12026,20.38146,20.567487,20.955727,21.632856,22.830316,23.65545,23.742781,
6,R,510.2,NA,0.0,11.904341,11.945155,11.988322,12.039475,12.089757,12.15434,12.200143,12.246533,12.294768,12.359025,12.406678,12.472045,
7,L,570.1,NA,NA,0.0,8.210393,8.405949,8.552948,8.741252,9.437047,9.551208,9.781836,9.928869,10.111917,10.342871,10.423329,
8,R,610.0,0.0,0.03392,0.246662,0.575559,1.225373,3.991539,10.034006,10.279703,10.412696,10.542389,10.698948,10.836566,10.982036,11.061976,
9,L,648.8,0.0,9.31104,11.553278,NA,NA,NA,NA,NA,-0.892687,12.013396,NA,12.114965,12.273363,12.319382,
START_TIME,1596432625.0,
END_TIME,1596433330.0,
TOTAL_TIME,705.4