BURST_NUMBER,ORIENTATION,START_TIME,Gate0,Gate1,Gate2,Gate3,Gate4,Gate5,Gate6,Gate7,Gate8,Gate9,Gate10,Gate11,Gate12,Gate13,
1,R,80.5,0.0,NA,3.634883,5.912,6.012864,6.802099,8.222554,9.161137,9.227258,9.291916,9.373585,9.467083,9.601149,9.744591,
2,L,136.4,0.0,0.144418,0.681102,0.972778,1.126182,1.500444,2.261802,NA,NA,NA,NA,-10.423404,5.760128,5.887618,
3,R,198.9,NA,NA,0.0,4.220624,4.413147,4.905824,5.451054,NA,5.61905,5.666991,5.722321,5.769615,5.834398,5.86712,
4,L,297.0,0.0,0.025306,0.181459,0.252708,NA,NA,NA,NA,NA,NA,NA,1.026361,1.157001,1.189615,
5,R,464.9,0.0,0.065767,0.145175,0.213093,0.258484,0.319088,0.366516,0.483263,0.526221,0.586891,0.670358,0.750049,0.863108,0.92755,
6,L,510.9,NA,NA,0.0,NA,NA,NA,NA,2.971026,13.312632,13.409726,13.514404,13.646192,13.747053,13.795153,
7,R,574.5,NA,NA,0.0,9.057808,9.211919,9.347842,9.469471,9.742498,9.87677,10.019195,10.177024,10.355865,10.695782,11.118242,
8,L,616.0,NA,NA,NA,NA,0.0,44.219273,44.462891,45.352002,45.430215,45.546223,45.645792,NA,21.632083,45.972271,
START_TIME,1596434050.0,
END_TIME,1596434721.0,
TOTAL_TIME,670.6