BURST_NUMBER,ORIENTATION,START_TIME,Gate0,Gate1,Gate2,Gate3,Gate4,Gate5,Gate6,Gate7,Gate8,Gate9,Gate10,Gate11,Gate12,Gate13,
1,L,39.8,NA,NA,NA,NA,NA,NA,NA,NA,NA,NA,NA,NA,0.0,0.069044,
2,R,77.7,0.0,0.184129,2.807303,3.055582,3.116302,3.188504,3.246687,3.324547,3.363831,3.410876,3.448741,3.499301,3.529318,3.548208,
3,L,113.0,0.0,0.278282,0.323887,0.379619,0.442046,0.4935,0.526938,0.589289,0.638972,0.670126,0.70924,0.741196,0.787169,0.818994,
4,R,149.0,0.0,0.12182,1.306628,3.913046,4.348098,4.687288,4.740064,4.865339,4.959775,5.066023,5.222797,5.385916,5.534807,5.61543,
5,L,179.4,NA,0.0,50.114908,50.174907,50.229668,50.276245,50.317521,50.380732,50.419302,50.456604,50.48812,50.520812,50.565559,50.584504,
6,R,270.2,0.0,19.722799,19.774392,19.820542,19.869602,19.89605,19.932451,NA,NA,NA,-0.433356,NA,7.416455,20.368285,
7,L,326.4,0.0,0.29169,0.962667,1.600954,1.859588,NA,NA,2.075701,NA,2.398779,2.464339,2.512956,2.688688,2.721985,
8,R,427.2,0.0,0.023384,0.077725,0.125595,NA,NA,NA,NA,NA,NA,NA,NA,-1.832658,1.793468,
START_TIME,1596435844.0,
END_TIME,1596436313.0,
TOTAL_TIME,468.9