BURST_NUMBER,ORIENTATION,START_TIME,Gate0,Gate1,Gate2,Gate3,Gate4,Gate5,Gate6,Gate7,Gate8,Gate9,Gate10,Gate11,Gate12,Gate13,
1,L,23.8,NA,0.0,7.861389,7.897523,7.922284,7.94834,7.993316,8.0454,8.062153,8.091176,8.131032,8.152335,8.183234,8.201826,
2,R,95.5,0.0,0.164546,0.754056,1.438151,1.503752,1.543532,1.580007,NA,NA,NA,-12.438099,1.816553,1.844744,1.876393,
3,L,134.0,NA,0.0,18.887892,19.046721,19.166336,19.289957,19.406334,NA,NA,NA,9.816652,19.844741,19.942995,19.974346,
4,R,204.8,0.0,NA,NA,NA,NA,NA,-10.232739,0.408823,0.44331,0.483685,0.516826,0.565482,0.597109,0.613799,
5,L,240.5,NA,NA,NA,NA,0.0,NA,NA,NA,NA,NA,-7.218739,NA,NA,31.100923,
6,R,330.7,NA,NA,NA,0.0,5.825711,5.890128,5.935682,6.032567,6.096846,NA,NA,5.133851,6.41163,6.47091,
7,R,371.8,NA,NA,NA,NA,NA,NA,NA,NA,NA,NA,NA,NA,0.0,-0.309553,
8,R,428.7,0.0,0.047723,0.189927,0.304326,0.453077,0.609508,0.763326,0.986459,1.050198,1.1001,1.159112,1.245162,1.339893,8.87415,
START_TIME,1596436950.0,
END_TIME,1596437394.0,
TOTAL_TIME,443.5