BURST_NUMBER,ORIENTATION,START_TIME,Gate0,Gate1,Gate2,Gate3,Gate4,Gate5,Gate6,Gate7,Gate8,Gate9,Gate10,Gate11,Gate12,Gate13,Gate14,
1,R,102.5,0.0,0.039745,0.281611,0.715733,1.505054,1.989088,2.303324,2.776589,3.28313,3.610735,4.126233,4.3519,4.673691,5.122897,5.528553,
2,L,139.7,NA,NA,NA,NA,0.0,NA,NA,NA,3.387351,NA,NA,10.774502,NA,NA,10.87277,
3,R,201.7,0.0,0.322251,NA,NA,NA,NA,NA,-25.817585,2.398119,2.431152,2.462967,2.495924,2.532833,2.563666,2.598957,
4,L,234.1,NA,0.0,10.357911,10.520866,10.661841,10.857108,10.986611,11.141719,NA,NA,NA,-3.085146,2.851894,12.127641,12.162549,
5,R,262.9,0.0,NA,NA,NA,NA,NA,NA,NA,NA,NA,NA,NA,NA,NA,-0.266193,
6,L,304.4,0.0,NA,NA,NA,NA,NA,NA,NA,NA,NA,NA,NA,NA,NA,2.402287,
7,R,356.8,NA,NA,NA,NA,0.0,20.547374,21.053127,21.425876,NA,21.612863,NA,NA,-0.216071,21.842612,21.87297,
8,L,450.8,0.0,NA,NA,NA,NA,NA,-36.390067,NA,NA,NA,-9.458704,0.879689,NA,-41.925955,1.082727,
9,R,547.9,0.0,0.018801,0.088175,0.203088,0.337892,0.428682,0.480587,0.513544,0.573059,0.626667,0.696738,0.777748,NA,-8.318313,1.008238,
START_TIME,1596130838.0,
END_TIME,1596131396.0,
TOTAL_TIME,558.1