BURST_NUMBER,ORIENTATION,START_TIME,Gate0,Gate1,Gate2,Gate3,Gate4,Gate5,Gate6,Gate7,Gate8,Gate9,Gate10,Gate11,Gate12,Gate13,Gate14,
1,L,74.4,0.0,0.41084,0.822673,1.556435,2.067557,2.61964,2.70531,2.910747,3.267279,3.478782,3.721434,3.991289,4.312093,4.803404,4.903774,
2,R,125.8,0.0,0.407273,21.826122,21.857877,21.92988,22.005754,22.0979,22.158155,22.239845,22.334207,22.416608,22.500336,22.5766,22.674673,22.788439,
3,L,181.0,0.0,0.04399,0.194268,0.4829,0.907316,1.157591,1.395723,1.721033,2.184007,2.813673,2.953659,3.146497,3.277647,3.425342,3.505767,
4,R,240.2,0.0,0.256184,0.313122,0.363013,0.551871,0.556833,0.635974,0.973222,1.174168,1.369978,1.611568,1.91689,2.333702,2.969714,3.619214,
5,L,298.5,0.0,0.12047,0.241814,0.639937,0.829345,1.044747,1.277372,1.714695,1.770357,1.899354,2.034161,2.181113,2.352728,2.599182,2.730253,
6,R,355.4,0.0,0.026013,0.080044,0.118319,0.158378,0.20712,0.250494,0.285981,0.345292,0.37805,0.425929,0.494924,0.549312,0.612487,0.643973,
7,L,389.4,0.0,0.294224,0.477324,0.614575,0.786267,0.994659,1.249302,1.556343,1.76469,1.968111,2.048821,2.178007,2.343197,2.583817,2.684557,
8,R,435.6,0.0,0.165248,0.229638,0.270849,0.302457,0.371935,0.423428,0.478837,0.545358,0.623704,0.696667,0.777032,0.876914,0.974893,1.052061,
START_TIME,1596132012.0,
END_TIME,1596132458.0,
TOTAL_TIME,446.0