BURST_NUMBER,ORIENTATION,START_TIME,Gate0,Gate1,Gate2,Gate3,Gate4,Gate5,Gate6,Gate7,Gate8,Gate9,Gate10,Gate11,Gate12,Gate13,Gate14,
1,L,56.2,0.0,0.028679,0.077476,0.139603,0.204949,0.375021,0.465035,0.828005,1.324761,1.843174,2.430288,3.586416,4.096353,4.550033,4.808607,
2,R,131.4,0.0,0.06142,0.686359,1.033203,1.303452,1.596942,NA,NA,NA,NA,-3.545909,7.413958,8.330361,8.767569,9.752117,
3,L,180.1,0.0,0.127359,0.199264,0.224009,0.270218,0.307428,0.339431,0.369017,NA,NA,NA,-3.296442,0.666942,0.759306,0.827096,
4,R,249.2,0.0,NA,NA,NA,NA,NA,-8.925777,2.352033,2.394525,2.442632,2.479102,2.548712,2.585502,2.652656,2.716019,
5,L,294.2,NA,0.0,7.038963,7.080113,7.116179,7.15718,7.193992,7.232054,7.265654,7.319893,NA,NA,0.051882,7.537599,7.618856,
6,R,337.3,NA,0.0,12.046797,NA,NA,NA,NA,NA,-4.94801,4.833231,9.59659,NA,14.119321,NA,18.43499,
7,L,409.4,NA,NA,NA,NA,0.0,4.175049,4.330373,4.465947,4.610617,4.773888,4.927274,5.089108,NA,-14.060114,5.671052,
8,R,455.7,NA,NA,NA,NA,NA,NA,NA,NA,NA,NA,NA,NA,NA,NA,0.0,
9,L,483.9,NA,NA,NA,NA,NA,NA,NA,NA,NA,NA,NA,NA,NA,NA,0.0,
10,R,519.1,0.0,0.426352,0.54667,0.614157,NA,NA,NA,NA,NA,-8.140797,NA,NA,-9.892964,1.055409,1.08712,
START_TIME,1596133139.0,
END_TIME,1596133680.0,
TOTAL_TIME,540.8