BURST_NUMBER,ORIENTATION,START_TIME,Gate0,Gate1,Gate2,Gate3,Gate4,Gate5,Gate6,Gate7,Gate8,Gate9,Gate10,Gate11,Gate12,Gate13,Gate14,
1,L,8.7,NA,0.0,6.652213,11.118645,11.797054,12.897341,12.986599,13.104876,13.411845,13.652952,13.885496,14.332893,15.235579,15.658635,15.789371,
2,R,54.0,NA,0.0,0.44871,1.046719,1.441359,1.969498,2.781175,3.229788,3.742115,4.207815,4.34905,4.852921,5.31046,5.63623,5.970525,
3,R,93.2,0.0,0.044141,0.224834,0.513945,0.90011,1.549567,2.034151,2.342214,2.655475,3.056038,3.371099,3.636906,3.950474,4.145195,4.311522,
4,L,151.6,0.0,0.080306,7.257251,7.40276,7.936821,8.39134,8.40665,8.596084,8.618819,8.733392,8.88357,9.026906,NA,-7.9066,9.398401,
5,R,192.7,0.0,NA,NA,NA,NA,NA,-1.867703,2.845496,2.888233,3.473509,3.608595,3.800381,4.158755,4.569903,4.790296,
6,L,257.5,NA,NA,NA,NA,NA,0.0,3.707395,4.326718,5.529689,5.889736,5.96115,6.082838,6.309296,6.609477,6.951246,
7,R,312.5,0.0,0.17215,0.610478,1.071751,2.018937,2.585458,2.744553,2.823284,3.050209,3.261568,3.476746,3.677661,3.973841,4.338984,4.737709,
8,L,371.7,0.0,0.211387,0.555415,0.599743,0.741244,0.959712,1.021235,1.169502,NA,NA,NA,-13.318547,2.019966,2.187437,2.254894,
9,R,434.2,0.0,0.193135,10.719335,NA,NA,NA,NA,NA,-14.116257,12.212383,12.362474,12.537818,12.76321,12.962251,13.076552,
START_TIME,1596134402.0,
END_TIME,1596134861.0,
TOTAL_TIME,458.6