BURST_NUMBER,ORIENTATION,START_TIME,Gate0,Gate1,Gate2,Gate3,Gate4,Gate5,Gate6,Gate7,Gate8,Gate9,Gate10,Gate11,Gate12,Gate13,Gate14,
1,L,597.6,0.0,0.780805,2.172936,2.221041,NA,NA,NA,NA,NA,-41.443585,2.492239,2.524918,2.560198,2.592197,2.60801,
2,R,656.5,0.0,NA,NA,NA,NA,NA,-11.425178,1.03977,1.20103,1.347099,NA,NA,-15.243308,2.048677,2.241402,
3,L,700.3,0.0,0.024742,0.091046,0.151006,0.177586,0.219037,0.27381,0.32851,0.384114,0.439904,0.503552,0.575999,0.657519,0.741744,0.81005,
4,R,731.6,NA,NA,0.0,3.461895,3.851523,4.025912,4.244781,4.427439,4.698618,5.116044,6.981918,8.812945,12.980493,17.141128,17.156563,
5,R,779.6,NA,NA,NA,NA,NA,NA,NA,NA,NA,NA,NA,0.0,NA,-0.231107,-0.348961,
6,R,863.4,NA,NA,NA,NA,NA,NA,NA,NA,NA,NA,NA,NA,NA,0.0,0.154756,
7,L,893.6,0.0,11.574279,11.637146,11.699054,11.725303,11.78869,11.817232,11.853776,11.896108,11.946979,11.994066,12.031837,12.087074,12.135177,12.166928,
8,R,963.0,0.0,0.197518,0.463096,0.527775,NA,NA,NA,NA,NA,-21.905655,0.877847,0.941326,NA,-6.643559,1.119095,
START_TIME,1596202634.0,
END_TIME,1596203774.0,
TOTAL_TIME,1140.5