BURST_NUMBER,ORIENTATION,START_TIME,Gate0,Gate1,Gate2,Gate3,Gate4,Gate5,Gate6,Gate7,Gate8,Gate9,Gate10,Gate11,Gate12,Gate13,Gate14,
1,L,674.3,0.0,0.080535,0.576986,2.080235,2.740905,2.824196,2.882455,2.941896,2.987544,3.054607,3.147534,3.216117,3.293425,NA,3.439681,
2,R,724.2,0.0,NA,0.087903,0.119295,0.162191,0.210019,0.269777,0.312032,0.379717,0.416515,0.478294,0.538742,0.606549,0.654042,0.685592,
3,L,816.0,0.0,0.066729,0.117272,0.16844,0.223929,0.261141,0.313982,0.354878,0.419471,0.463384,0.528472,0.592293,0.662935,0.743865,0.777164,
4,R,874.3,NA,0.0,1.142355,1.850055,2.357528,2.596598,2.864692,3.209493,3.607486,4.040142,4.274336,4.594424,5.09146,5.869563,6.748359,
5,L,934.4,0.0,0.092189,0.473063,0.645013,0.870068,1.106701,1.265646,1.436098,1.671646,2.069321,2.654532,3.025611,NA,5.150128,5.219472,
6,L,979.1,0.0,0.060155,0.119067,0.229492,0.24933,0.303121,0.364308,0.420188,0.48192,0.532089,0.605417,0.675664,0.723775,0.789837,0.824836,
7,R,1011.8,0.0,0.189795,NA,1.99445,2.056898,2.132553,2.189259,2.260349,2.326023,2.393904,2.460769,2.529141,2.580521,2.612246,2.644482,
8,L,1066.6,0.0,0.215756,0.365452,0.465519,0.553464,0.627812,0.698102,0.790076,0.85054,0.927697,1.047737,1.160616,1.288017,1.456196,1.541437,
START_TIME,1596203812.0,
END_TIME,1596204887.0,
TOTAL_TIME,1075.9