BURST_NUMBER,ORIENTATION,START_TIME,Gate0,Gate1,Gate2,Gate3,Gate4,Gate5,Gate6,Gate7,Gate8,Gate9,Gate10,Gate11,Gate12,Gate13,Gate14,
1,L,91.9,NA,NA,NA,NA,NA,NA,NA,NA,NA,0.0,NA,NA,NA,NA,2.431075,
2,R,179.0,NA,NA,NA,0.0,17.82709,17.89243,17.966694,18.047303,NA,NA,NA,-29.519645,18.405373,18.496699,18.549235,
3,L,268.9,0.0,NA,NA,NA,NA,NA,-3.455285,0.468722,0.550915,0.63234,0.728132,0.80894,NA,-15.343665,1.022066,
4,R,319.9,0.0,NA,0.861994,1.234438,1.699623,2.844889,4.844203,5.188518,5.524506,6.523727,7.098164,7.467032,7.721546,8.081394,8.441902,
5,L,364.9,0.0,0.030711,0.103794,0.168313,0.211621,0.282606,0.36626,0.458687,0.559306,0.65078,0.764296,0.909644,NA,-16.701494,1.324741,
6,R,431.4,NA,0.0,22.149534,22.956367,23.681802,24.516357,24.752061,25.157686,25.491557,25.705108,25.884277,26.098971,26.299159,26.504187,26.602007,
7,L,496.7,NA,NA,NA,0.0,10.687204,10.82129,10.981041,NA,11.227909,11.428174,11.594353,11.748905,11.796781,11.958287,12.006519,
8,R,624.5,0.0,0.792297,3.77664,3.930566,4.107971,4.2223,NA,NA,NA,NA,-6.161468,4.885991,NA,-29.871243,13.58234,
9,L,701.1,NA,NA,NA,0.0,2.466725,NA,2.764892,2.964466,3.0758,NA,NA,NA,3.728618,3.916231,3.919034,
10,R,731.5,0.0,0.033059,0.102592,0.207119,0.277952,0.353506,0.409948,0.474474,0.552761,0.60592,0.684593,0.776744,0.845544,0.946568,1.027373,
START_TIME,1596205571.0,
END_TIME,1596206309.0,
TOTAL_TIME,738.2