BURST_NUMBER,ORIENTATION,START_TIME,Gate0,Gate1,Gate2,Gate3,Gate4,Gate5,Gate6,Gate7,Gate8,Gate9,Gate10,Gate11,Gate12,Gate13,Gate14,
1,R,75.4,NA,0.0,12.322774,12.365047,12.425282,12.494379,12.626866,12.83486,13.076032,13.478615,14.610574,16.114268,16.922188,17.798887,18.024858,
2,L,171.4,0.0,0.042585,0.108311,0.139496,0.172742,0.196211,0.231779,0.264527,0.297298,0.327938,0.348149,0.385269,NA,-12.854775,0.451217,
3,R,201.5,NA,0.0,14.205935,14.236266,14.280488,14.320591,14.345859,14.383819,14.42221,14.437605,14.484313,14.515858,NA,14.579073,14.596891,
4,L,287.8,NA,NA,NA,NA,NA,NA,NA,NA,NA,NA,NA,NA,NA,NA,0.0,
5,R,334.1,NA,NA,0.0,NA,NA,9.688199,9.720065,9.767966,9.798704,9.835075,9.881943,9.931143,NA,9.447984,10.065566,
6,L,389.0,0.0,0.232989,1.047267,1.722911,NA,NA,NA,NA,NA,-16.551253,NA,-4.187461,4.413961,6.738737,6.964808,
7,R,433.2,0.0,0.040069,0.135666,0.228725,0.322915,0.41536,0.523343,0.63495,0.774919,0.932159,1.104785,1.235997,1.413719,1.674262,1.945712,
8,L,596.7,0.0,0.114224,0.535565,0.836521,0.930217,1.278315,1.5703,NA,1.92853,NA,NA,NA,NA,-20.117064,2.149529,
START_TIME,1596207049.0,
END_TIME,1596207673.0,
TOTAL_TIME,624.0