BURST_NUMBER,ORIENTATION,START_TIME,Gate0,Gate1,Gate2,Gate3,Gate4,Gate5,Gate6,Gate7,Gate8,Gate9,Gate10,Gate11,Gate12,Gate13,Gate14,
1,L,54.1,NA,NA,NA,NA,NA,NA,NA,0.0,NA,NA,NA,NA,NA,NA,4.271235,
2,L,97.7,0.0,NA,NA,NA,NA,NA,-12.87311,0.269609,0.299512,0.329306,0.354747,0.401822,0.439581,0.468052,0.487254,
3,L,133.2,0.0,0.020686,0.117472,0.25696,0.458023,0.531782,0.576205,0.631448,0.713234,0.871821,0.949538,1.016167,1.063538,1.114397,1.139467,
4,R,161.1,NA,0.0,9.69964,80.411352,80.473068,80.532077,80.597612,80.639795,80.698744,80.772883,80.837739,80.912951,81.010897,81.058048,81.093368,
5,L,323.1,0.0,1.785131,2.284413,2.383926,NA,NA,NA,NA,NA,-2.144981,2.789021,2.870517,2.93371,3.015761,3.047648,
6,R,392.2,NA,NA,NA,NA,NA,NA,NA,NA,NA,NA,NA,NA,NA,0.0,-0.037816,
7,R,412.3,NA,0.0,5.286385,5.910593,NA,6.324991,6.484445,7.460595,7.536706,7.623492,7.773054,7.902747,8.029894,8.131976,8.18286,
8,L,478.1,0.0,0.26704,0.381425,NA,NA,NA,NA,NA,NA,-4.790277,0.924846,1.028406,1.094583,1.206807,1.209638,
START_TIME,1596208540.0,
END_TIME,1596209037.0,
TOTAL_TIME,496.9