BURST_NUMBER,ORIENTATION,START_TIME,Gate0,Gate1,Gate2,Gate3,Gate4,Gate5,Gate6,Gate7,Gate8,Gate9,Gate10,Gate11,Gate12,Gate13,Gate14,
1,L,387.2,0.0,0.274997,0.832515,1.347454,2.047548,2.286499,2.333064,2.361846,2.413871,2.44278,2.466819,2.499613,NA,-7.311228,2.615889,
2,R,436.5,NA,0.0,10.892124,39.025848,39.084212,39.142124,39.213376,39.252155,39.308526,39.393822,39.490224,39.572805,39.654154,39.752412,39.816668,
3,L,568.4,NA,NA,NA,NA,NA,NA,NA,NA,NA,NA,NA,NA,NA,NA,0.0,
4,R,624.9,NA,0.0,15.346048,15.400051,15.479267,15.523385,15.548635,15.592058,15.642407,15.688331,15.753842,15.822082,15.89197,15.956132,16.007767,
5,L,708.1,0.0,8.981149,9.050379,9.119207,9.146917,9.203235,9.249301,9.281617,9.345435,9.429385,9.515671,9.601886,NA,-18.990796,9.866628,
6,R,759.3,0.0,NA,0.181753,0.216169,0.265267,0.32026,0.390117,0.43783,0.506851,0.59777,0.660806,0.794484,0.862929,0.978375,1.06324,
7,L,831.7,0.0,0.170731,0.40952,0.80861,1.735402,3.237778,4.102977,4.152935,4.21713,4.268171,4.32967,4.393589,NA,-12.463283,4.551927,
8,R,892.3,0.0,NA,14.729984,14.798875,14.863958,14.906691,14.973459,15.026253,15.106675,NA,15.310571,15.378668,15.477948,15.616063,15.683665,
START_TIME,1596214122.0,
END_TIME,1596215057.0,
TOTAL_TIME,935.2