BURST_NUMBER,ORIENTATION,START_TIME,Gate0,Gate1,Gate2,Gate3,Gate4,Gate5,Gate6,Gate7,Gate8,Gate9,Gate10,Gate11,Gate12,Gate13,Gate14,
1,L,254.4,0.0,0.047913,0.115204,0.153444,0.197279,0.222928,0.273902,0.287426,0.32736,0.349254,0.383968,0.417372,NA,-12.791976,0.500295,
2,R,348.6,NA,0.0,12.057953,12.097662,12.141632,12.171432,12.197259,12.225367,12.252539,12.284455,12.314017,12.344028,12.382116,12.431444,12.451849,
3,L,423.1,0.0,0.086883,0.150108,0.201532,0.242389,0.283809,0.310215,0.340822,0.387288,0.421865,0.452329,0.484389,0.534676,0.569137,0.600356,
4,R,479.9,0.0,0.228722,0.323129,0.378566,0.447258,0.487953,0.527622,0.559912,0.605747,0.634877,0.688958,0.791186,0.862666,0.978563,1.059296,
5,L,529.8,0.0,0.023533,0.079153,0.102262,0.129612,0.168211,0.1945,0.220811,0.255697,0.285536,0.317068,0.355179,0.372528,0.403259,0.422431,
6,L,595.5,0.0,0.02289,0.066336,0.1137,0.137828,0.167792,0.214187,0.230302,0.256806,0.287978,0.321739,0.355239,0.403817,0.435578,0.449927,
7,R,640.3,0.0,0.270949,0.50943,0.590996,0.656395,0.688706,0.726627,0.749224,0.80036,0.827195,0.860987,0.91105,0.946061,0.987767,1.006682,
8,L,708.9,0.0,0.175432,NA,0.487707,0.832716,NA,1.209,NA,1.303949,1.424535,1.529507,1.625932,1.659573,1.756028,1.79317,
START_TIME,1596215566.0,
END_TIME,1596216298.0,
TOTAL_TIME,731.5