BURST_NUMBER,ORIENTATION,START_TIME,Gate0,Gate1,Gate2,Gate3,Gate4,Gate5,Gate6,Gate7,Gate8,Gate9,Gate10,Gate11,Gate12,Gate13,Gate14,
1,L,34.6,0.0,0.033652,0.130464,0.207837,0.255508,0.31013,0.364997,0.402536,0.456379,0.510446,0.549385,0.604298,0.658234,0.71888,0.750453,
2,R,117.7,0.0,0.019631,0.179715,0.29944,0.347346,0.426519,0.47828,0.518653,0.583348,0.647465,0.711517,0.792957,0.880015,0.965376,1.013051,
3,L,177.4,0.0,0.306296,0.62519,0.66411,0.721055,0.776666,0.825559,0.89015,NA,NA,NA,-7.99602,1.264822,1.396171,1.463872,
4,R,229.5,0.0,0.032655,0.101264,0.192123,0.264655,0.340488,0.45565,0.508657,0.601333,0.682249,0.796099,0.924138,1.078718,1.192365,1.255942,
5,L,279.9,NA,NA,NA,NA,0.0,NA,NA,NA,NA,NA,NA,NA,NA,NA,2.451995,
6,R,348.7,0.0,0.184414,0.505925,0.819888,1.427149,1.86165,2.536799,3.290163,3.382428,3.511998,3.664964,3.796363,3.951678,4.047964,4.114803,
7,R,392.5,NA,NA,NA,0.0,NA,NA,18.738794,NA,NA,NA,NA,NA,NA,3.650849,21.857999,
8,R,465.3,NA,0.0,11.488902,15.382626,15.836621,15.990129,16.604708,NA,NA,NA,NA,NA,NA,NA,21.02716,
9,R,522.5,0.0,0.073708,0.177918,0.263182,0.404552,0.529227,0.649341,0.799397,0.988517,1.149059,1.40511,1.719927,2.441222,3.139429,3.772287,
10,R,566.1,NA,NA,NA,NA,0.0,18.189101,18.253386,18.676528,18.790429,19.122168,19.224544,19.321758,19.503351,19.878595,20.289345,
11,R,637.9,NA,NA,NA,NA,NA,0.0,NA,NA,NA,NA,NA,1.807191,19.418544,19.473906,19.498167,
12,L,697.7,NA,NA,0.0,7.899023,8.251737,8.939447,9.333967,9.402185,9.464618,9.50944,9.540186,9.588415,9.625916,9.657235,9.676151,
START_TIME,1596216990.0,
END_TIME,1596217711.0,
TOTAL_TIME,721.0