BURST_NUMBER,ORIENTATION,START_TIME,Gate0,Gate1,Gate2,Gate3,Gate4,Gate5,Gate6,Gate7,Gate8,Gate9,Gate10,Gate11,Gate12,Gate13,Gate14,
1,R,19.7,NA,0.0,NA,NA,NA,NA,NA,NA,NA,NA,NA,6.095746,NA,5.892905,5.83625,
2,R,56.1,0.0,NA,0.296276,0.52793,0.734624,0.893556,1.084223,1.227803,1.426133,1.667644,1.765637,1.962255,2.296261,3.081013,7.554084,
3,L,106.3,0.0,0.011306,0.088393,0.272501,0.617583,1.614741,3.111692,4.32865,4.637761,4.839184,5.482195,6.021044,NA,-14.367113,6.634201,
4,L,173.1,0.0,0.142729,0.587115,1.170505,2.543179,4.829506,5.265496,5.304062,5.372462,5.403989,5.469163,5.53449,NA,-21.675683,5.646168,
5,R,288.3,NA,0.0,NA,NA,NA,NA,NA,NA,NA,NA,NA,NA,NA,9.037591,8.94708,
6,L,354.4,0.0,0.403227,0.876632,1.196807,1.758949,1.877207,NA,NA,NA,NA,NA,NA,NA,-13.74673,2.545593,
7,L,495.6,0.0,0.1614,0.238433,0.283585,0.317293,0.36369,NA,NA,NA,NA,-12.998744,0.59142,NA,-10.270944,0.719388,
8,L,614.5,0.0,0.277183,0.348935,0.413988,0.42409,0.460925,0.485894,0.522419,0.551905,0.590731,0.610298,0.639956,0.671746,0.72177,0.724612,
START_TIME,1596218440.0,
END_TIME,1596219064.0,
TOTAL_TIME,624.6