BURST_NUMBER,ORIENTATION,START_TIME,Gate0,Gate1,Gate2,Gate3,Gate4,Gate5,Gate6,Gate7,Gate8,Gate9,Gate10,Gate11,Gate12,Gate13,Gate14,
1,L,55.3,0.0,0.010766,0.057732,0.087574,0.117624,0.161606,0.202866,0.234933,0.283913,0.323635,0.386682,0.467481,NA,-19.254657,0.983634,
2,R,133.0,NA,0.0,11.736231,11.868357,11.971655,12.05721,12.171567,12.260673,12.421622,12.56847,12.78261,12.963341,13.255074,13.796246,16.71156,
3,L,225.7,0.0,0.032536,0.133261,0.194663,NA,NA,NA,NA,NA,-9.933789,0.492252,0.557657,NA,0.199013,0.814638,
4,R,303.4,NA,0.0,29.469277,31.05178,31.931724,31.990535,32.032708,32.068249,32.116738,32.136908,32.193882,32.222646,32.27284,32.304489,32.337705,
5,L,394.0,NA,NA,0.0,0.028559,0.080182,0.121162,0.17922,0.210021,0.25376,0.307572,0.36031,0.42613,NA,-17.878607,0.752516,
6,R,432.4,0.0,NA,0.327807,NA,NA,NA,1.960249,NA,NA,NA,2.675906,2.936747,3.279087,3.481765,3.853839,
7,L,492.3,NA,0.0,0.339096,0.38019,0.573363,NA,NA,1.226947,1.536351,1.6186,1.689058,1.739016,NA,-5.710929,1.89773,
8,R,534.2,NA,0.0,13.522419,NA,NA,NA,14.095017,NA,NA,NA,14.879059,15.183966,16.153295,18.390866,18.712666,
START_TIME,1596219802.0,
END_TIME,1596220370.0,
TOTAL_TIME,567.9