BURST_NUMBER,ORIENTATION,START_TIME,Gate0,Gate1,Gate2,Gate3,Gate4,Gate5,Gate6,Gate7,Gate8,Gate9,Gate10,Gate11,Gate12,Gate13,Gate14,
1,R,58.9,NA,0.0,12.776799,13.537994,14.121083,14.167782,14.208249,14.228252,14.266787,14.297394,14.325245,14.364797,14.395945,14.427697,14.443113,
2,L,123.5,0.0,0.025393,0.075025,0.118104,0.154722,0.170132,0.203928,0.251246,NA,NA,NA,-5.806041,NA,-1.998097,0.468156,
3,R,194.1,NA,NA,NA,NA,NA,NA,NA,NA,NA,NA,NA,0.0,NA,-0.171544,-0.185796,
4,L,224.1,NA,NA,NA,0.0,14.658657,14.701456,14.732902,14.751093,14.783976,14.812322,14.861464,14.890075,NA,3.294873,14.970642,
5,R,318.9,NA,0.0,7.784699,7.814161,7.857681,7.906339,7.945253,7.965018,8.005438,8.043829,8.092012,8.158486,8.188792,8.225705,8.256727,
6,L,388.8,0.0,0.024612,0.05738,0.106655,0.13538,0.170424,NA,NA,NA,NA,-1.226686,0.438669,0.490852,0.538957,0.574772,
7,R,469.9,0.0,0.089846,0.168009,NA,NA,NA,NA,NA,-9.54962,0.426244,0.475408,0.523341,NA,-7.844966,0.637696,
8,L,591.7,0.0,0.021207,0.073,0.118616,0.162773,0.20222,0.253697,0.303857,0.367489,0.409943,0.491026,0.558111,NA,-20.280408,0.732421,
START_TIME,1596221010.0,
END_TIME,1596221627.0,
TOTAL_TIME,616.4