BURST_NUMBER,ORIENTATION,START_TIME,Gate0,Gate1,Gate2,Gate3,Gate4,Gate5,Gate6,Gate7,Gate8,Gate9,Gate10,Gate11,Gate12,Gate13,Gate14,
1,L,750.8,NA,NA,0.0,16.8683,16.935836,17.014543,17.136877,17.220785,NA,NA,NA,0.882144,17.643349,17.740453,17.775532,
2,L,816.9,0.0,0.033257,0.160775,0.253059,0.332769,0.408417,0.513019,0.58436,0.733543,0.865619,0.962698,1.098476,1.275546,1.569217,1.810927,
3,R,888.4,0.0,0.068218,0.457115,1.587693,2.974228,3.016932,3.06803,3.113746,3.175384,3.227302,NA,3.485657,3.516622,3.575476,3.725432,
4,L,961.2,0.0,0.016735,0.173104,0.255903,0.328242,0.378651,0.41891,0.450877,0.486592,0.527831,0.565648,0.604068,NA,-2.479811,0.700752,
5,R,991.4,NA,NA,NA,0.0,18.014908,18.368519,NA,NA,NA,NA,11.672994,22.579788,22.974095,23.054053,23.121016,
6,L,1048.2,0.0,NA,NA,NA,NA,NA,-9.933076,2.462293,2.552583,2.651756,2.813825,3.040705,3.36164,3.893298,4.349469,
7,R,1083.6,NA,NA,NA,NA,NA,0.0,69.163348,69.195069,NA,NA,NA,31.685837,NA,45.260673,69.546676,
8,L,1243.8,0.0,0.141485,0.212706,0.328359,NA,NA,NA,NA,NA,-13.62799,1.110985,1.403371,1.847119,2.652468,2.962857,
9,R,1288.3,NA,NA,NA,0.0,15.141762,15.221181,15.275196,15.332252,15.36238,15.417881,NA,NA,15.637993,NA,15.804402,
START_TIME,1596285157.0,
END_TIME,1596286484.0,
TOTAL_TIME,1326.6