BURST_NUMBER,ORIENTATION,START_TIME,Gate0,Gate1,Gate2,Gate3,Gate4,Gate5,Gate6,Gate7,Gate8,Gate9,Gate10,Gate11,Gate12,Gate13,Gate14,
1,L,18.6,0.0,2.581285,3.161127,NA,3.233832,3.256062,3.291964,3.305497,NA,NA,NA,-9.466059,NA,3.460965,3.480411,
2,L,157.3,0.0,0.028285,0.085723,0.141796,0.197467,0.24369,0.379797,0.416544,0.562385,0.735422,1.075224,1.614227,3.400585,4.505071,5.651092,
3,R,211.7,0.0,11.268723,11.327896,11.369791,11.406259,11.452788,11.473924,11.498007,11.550045,11.580793,11.636964,11.694406,11.742583,11.777918,11.813561,
4,L,270.4,NA,NA,NA,NA,0.0,1.085034,1.308391,1.430998,1.828603,2.57053,5.316464,10.702478,11.945845,12.897144,13.256384,
5,R,327.8,0.0,5.372655,5.431739,NA,NA,NA,NA,NA,-3.119672,5.707634,5.771163,NA,NA,6.005556,5.963382,
6,L,400.0,0.0,20.74846,NA,NA,NA,NA,NA,NA,NA,NA,NA,NA,9.523616,NA,20.631048,
7,R,495.7,NA,NA,NA,NA,NA,NA,NA,NA,NA,NA,NA,NA,NA,NA,0.0,
8,R,522.2,0.0,3.709414,NA,NA,NA,3.920374,4.006763,4.083094,4.159994,4.210536,4.272673,4.354922,NA,NA,4.6289,
START_TIME,1596287209.0,
END_TIME,1596287757.0,
TOTAL_TIME,547.9