BURST_NUMBER,ORIENTATION,START_TIME,Gate0,Gate1,Gate2,Gate3,Gate4,Gate5,Gate6,Gate7,Gate8,Gate9,Gate10,Gate11,Gate12,Gate13,Gate14,
1,L,37.1,0.0,0.027655,0.083407,0.132512,0.162433,0.229337,0.286324,0.317701,0.350385,0.39834,NA,NA,-14.737303,0.561094,0.592921,
2,R,108.4,0.0,0.165555,NA,NA,NA,NA,NA,-9.875963,0.462746,0.503764,0.555791,0.608087,0.623598,0.655394,0.690679,
3,L,171.7,NA,NA,NA,0.0,7.151353,NA,NA,NA,NA,NA,NA,-1.968039,7.454877,7.515648,7.532013,
4,R,281.5,0.0,0.742443,0.913612,0.969387,1.037583,1.118072,1.211646,1.284029,1.351017,1.400107,1.462527,1.52423,NA,-15.090418,1.728212,
5,L,341.7,0.0,0.184283,0.984937,1.367195,3.00992,3.104261,NA,NA,NA,NA,-1.551198,4.41148,4.506808,4.608417,4.660872,
6,R,423.0,0.0,8.919296,9.550649,9.803312,10.22386,11.087322,11.474652,11.529389,11.571077,11.618878,11.697898,NA,NA,NA,11.948024,
7,L,476.4,NA,NA,NA,NA,NA,0.0,24.08313,24.118494,24.143993,24.175281,24.21457,24.249434,24.280456,24.33371,24.352813,
8,R,533.0,0.0,0.088362,0.54282,3.710049,3.751887,3.822213,3.919701,3.998985,4.058639,4.164357,4.282006,4.734613,NA,-8.279154,5.30211,
START_TIME,1596288457.0,
END_TIME,1596289003.0,
TOTAL_TIME,546.5