BURST_NUMBER,ORIENTATION,START_TIME,Gate0,Gate1,Gate2,Gate3,Gate4,Gate5,Gate6,Gate7,Gate8,Gate9,Gate10,Gate11,Gate12,Gate13,Gate14,
1,R,41.6,0.0,0.181111,0.568726,1.029356,1.423417,1.773634,2.331691,2.375271,2.445674,2.467691,2.502315,2.530229,2.563671,2.595453,2.611421,
2,L,100.6,0.0,0.078899,0.204053,0.480266,0.843984,1.357621,2.332253,NA,NA,NA,NA,NA,9.093009,9.216707,9.281486,
3,L,201.5,0.0,0.042696,0.179937,0.592865,1.380632,3.303568,28.658715,29.037548,29.92087,29.95957,30.000711,30.049691,30.079683,30.129466,30.162835,
4,R,283.7,0.0,0.132212,0.677672,0.935335,1.096953,1.244775,1.367157,1.47455,1.619532,1.752164,1.931175,2.167127,2.587628,3.521346,4.972494,
5,L,345.5,0.0,0.432877,0.918264,15.912654,15.942503,15.986474,16.015138,16.047048,16.101803,16.133678,16.173499,16.2245,16.258261,16.288148,16.30695,
6,R,396.9,0.0,0.145865,0.444133,0.745828,1.275402,1.839299,2.484879,2.526325,2.558413,2.607004,2.671376,2.749116,2.841393,2.953062,3.065402,
7,L,437.4,0.0,0.132484,0.454975,0.78082,0.946793,1.195185,1.315432,1.408571,1.508413,1.581986,1.658874,1.766024,1.878848,2.042254,2.105831,
8,R,461.5,0.0,0.017331,0.068126,0.100202,0.137239,0.181602,0.21226,0.238521,0.278183,0.32742,0.354921,0.396469,0.425583,0.458264,0.473679,
START_TIME,1596290879.0,
END_TIME,1596291356.0,
TOTAL_TIME,477.3