BURST_NUMBER,ORIENTATION,START_TIME,Gate0,Gate1,Gate2,Gate3,Gate4,Gate5,Gate6,Gate7,Gate8,Gate9,Gate10,Gate11,Gate12,Gate13,Gate14,
1,L,34.3,0.0,0.223972,0.70488,1.077965,NA,NA,NA,NA,NA,-9.403165,NA,NA,-15.749087,3.453206,3.701367,
2,R,68.0,0.0,0.210078,0.694073,0.899581,1.081718,1.34018,1.829425,2.686507,3.761775,6.308632,6.521028,6.791545,NA,-5.400504,7.579167,
3,L,125.7,0.0,23.87453,NA,NA,NA,NA,NA,-10.096084,7.469596,15.431698,27.073,27.170325,27.316123,27.537726,27.606015,
4,L,188.1,0.0,4.279638,10.554976,10.804195,NA,NA,NA,NA,NA,-5.18472,11.601965,11.733037,11.910967,12.191089,12.352146,
5,R,231.9,NA,NA,NA,0.0,NA,NA,NA,NA,NA,5.917714,12.871507,13.09844,NA,1.432508,13.434693,
6,L,309.3,0.0,0.063313,NA,NA,NA,NA,NA,-21.719509,NA,-9.265601,NA,NA,-12.033207,2.105468,2.29705,
7,L,396.3,NA,NA,NA,NA,NA,NA,NA,NA,NA,NA,NA,NA,NA,0.0,0.064101,
8,R,412.0,NA,0.0,0.735832,1.091989,1.735003,1.914942,2.072358,2.291942,2.679035,2.726189,2.765531,2.827421,2.893887,2.976789,3.040766,
9,L,457.5,NA,NA,NA,NA,0.0,20.106545,20.199766,20.316304,20.422781,20.545198,20.65975,20.769138,20.91671,21.128014,21.242091,
10,R,512.7,NA,NA,NA,NA,NA,NA,NA,NA,NA,NA,NA,NA,NA,NA,0.0,
11,L,550.1,0.0,NA,NA,NA,NA,NA,-1.549154,1.528672,1.759584,2.038581,2.102644,2.164572,2.257665,2.364686,2.417328,
START_TIME,1596292655.0,
END_TIME,1596293222.0,
TOTAL_TIME,566.5