BURST_NUMBER,ORIENTATION,START_TIME,Gate0,Gate1,Gate2,Gate3,Gate4,Gate5,Gate6,Gate7,Gate8,Gate9,Gate10,Gate11,Gate12,Gate13,Gate14,
1,L,28.4,0.0,NA,NA,NA,NA,NA,-10.858856,-10.14265,NA,NA,NA,-15.040916,NA,-6.516815,1.154128,
2,R,99.2,0.0,11.54528,11.658697,11.678963,NA,NA,NA,NA,NA,-1.338762,NA,NA,0.162623,5.959848,12.06127,
3,L,174.6,0.0,0.033797,0.067538,0.116688,NA,NA,NA,NA,NA,-14.739305,-0.646619,0.41031,0.430839,0.487371,0.499555,
4,R,255.8,0.0,2.856488,4.526935,4.606379,4.678678,4.745658,4.783597,4.821367,4.873549,4.927114,4.977841,5.026026,5.074129,5.122301,5.166412,
5,L,310.1,NA,NA,NA,0.0,NA,NA,NA,NA,0.195314,6.116403,6.227675,6.304022,6.417812,6.566944,6.663825,
6,R,346.3,0.0,0.339394,NA,NA,NA,NA,NA,-7.807178,NA,-6.449604,0.887019,0.96928,1.032629,1.102163,1.155456,
7,L,384.1,NA,0.0,11.564358,11.675656,11.759778,11.837426,11.893891,11.965484,12.047514,12.124108,12.219314,12.318937,12.411806,12.544289,12.592246,
8,R,433.4,NA,NA,0.0,4.685116,4.752223,4.848138,4.944231,5.059408,5.213305,5.364914,5.537945,5.662596,5.810681,5.942951,6.05435,
START_TIME,1596293902.0,
END_TIME,1596294360.0,
TOTAL_TIME,457.9