BURST_NUMBER,ORIENTATION,START_TIME,Gate0,Gate1,Gate2,Gate3,Gate4,Gate5,Gate6,Gate7,Gate8,Gate9,Gate10,Gate11,Gate12,Gate13,Gate14,
1,L,561.2,0.0,NA,NA,NA,NA,11.372497,21.618261,21.655985,21.721379,21.770015,NA,NA,1.233777,21.965017,22.00349,
2,R,638.4,0.0,NA,NA,NA,NA,NA,-8.918215,0.304461,0.34424,0.406542,0.443984,0.515757,0.608286,0.640819,0.67256,
3,L,682.1,NA,NA,NA,0.0,11.888221,11.935716,11.988229,12.05734,12.134255,12.179538,12.242763,12.309114,12.421427,12.489903,12.541619,
4,R,767.3,0.0,0.027226,0.090501,0.133065,0.202302,0.276194,0.340624,0.398467,0.452322,0.504854,NA,NA,-6.495183,0.762622,0.794226,
5,L,807.7,NA,0.0,5.069804,5.127869,5.224169,5.285654,5.340009,5.399744,5.464338,5.545143,5.625037,5.70557,NA,-6.342765,5.995118,
6,R,866.4,NA,0.0,7.367792,15.423666,NA,24.034371,24.086131,24.141417,24.199769,24.254451,NA,NA,8.231512,24.50546,24.553873,
7,L,944.3,0.0,NA,2.930631,12.470545,12.553312,12.625481,12.6855,12.759514,12.818012,12.868861,12.932726,12.995209,13.043421,13.115092,13.134476,
8,L,1017.0,NA,NA,0.0,4.885406,4.960387,5.066946,5.144334,5.200542,5.321988,5.401135,5.462796,5.523163,5.620127,5.682793,5.734345,
START_TIME,1596297498.0,
END_TIME,1596298534.0,
TOTAL_TIME,1036.3