BURST_NUMBER,ORIENTATION,START_TIME,Gate0,Gate1,Gate2,Gate3,Gate4,Gate5,Gate6,Gate7,Gate8,Gate9,Gate10,Gate11,Gate12,Gate13,Gate14,
1,R,33.0,0.0,0.853362,3.528534,3.829897,4.625762,6.193845,NA,NA,NA,NA,-2.373767,NA,3.103675,7.068751,7.087799,
2,L,83.4,0.0,1.434,3.690623,3.746215,3.789355,3.832435,3.871862,3.899179,3.92914,3.972794,4.00243,4.035109,4.054306,4.095993,4.114793,
3,R,144.4,0.0,0.23062,1.678767,3.043592,3.464105,3.636733,3.79591,3.935675,4.05719,4.186926,4.381344,4.590796,4.907125,5.166218,5.214265,
4,L,189.7,0.0,7.619187,7.670835,7.707634,7.747983,7.772864,7.804731,7.836435,7.876506,7.904983,7.939421,7.982777,8.022793,8.067643,8.086539,
5,R,228.6,0.0,0.040192,0.267775,0.532618,1.028207,2.184033,4.514954,4.97076,5.272118,5.519642,5.847653,6.41694,7.308703,7.735861,7.962841,
6,L,303.7,0.0,0.012204,0.03962,0.089448,NA,NA,NA,NA,NA,-2.577992,0.345936,0.393217,0.429291,0.482062,0.497552,
7,R,355.0,NA,NA,NA,NA,NA,NA,NA,NA,NA,NA,0.0,NA,NA,NA,1.949319,
8,L,417.8,0.0,0.158629,0.683871,1.422509,2.054594,2.522801,12.770077,13.345132,13.497334,13.582985,13.627287,13.682684,13.729812,13.795191,13.810717,
START_TIME,1596299381.0,
END_TIME,1596299825.0,
TOTAL_TIME,443.5