BURST_NUMBER,ORIENTATION,START_TIME,Gate0,Gate1,Gate2,Gate3,Gate4,Gate5,Gate6,Gate7,Gate8,Gate9,Gate10,Gate11,Gate12,Gate13,Gate14,
1,L,41.1,0.0,0.178834,0.841907,1.647056,1.69593,1.741374,1.809891,1.863305,1.950031,2.050172,2.217814,2.424458,2.72267,3.19443,3.417356,
2,R,105.1,0.0,0.36142,0.635953,0.866061,1.219477,1.573858,1.869154,2.26768,2.724149,3.113523,3.163579,3.205082,3.24109,3.293002,3.3288,
3,L,141.0,0.0,0.054326,0.170863,0.477902,0.68975,0.962731,1.404027,1.60747,1.658112,1.706099,1.769708,1.878059,1.995446,2.189018,2.269405,
4,R,180.2,0.0,0.407667,0.792441,0.977178,1.102124,1.229287,1.351955,1.442153,1.58349,1.696115,1.83837,2.043346,2.335661,2.855607,3.393223,
5,R,227.9,NA,NA,NA,NA,NA,NA,NA,NA,NA,NA,NA,0.0,NA,-0.253621,-0.302987,
6,R,279.7,0.0,0.239777,0.433848,0.483778,0.519242,0.562483,0.59865,0.650272,0.713129,0.756712,0.806578,0.888631,0.959668,1.076297,1.111465,
7,L,316.8,0.0,0.013774,0.085897,0.160748,0.215924,0.257525,0.336985,0.396689,0.478109,0.569631,0.660907,0.709464,0.777047,0.841575,0.857144,
8,R,364.3,0.0,0.071686,0.382277,0.799273,1.2959,1.784134,1.879499,1.976361,2.112959,NA,2.922565,3.918421,4.591906,7.125842,7.257275,
START_TIME,1596300650.0,
END_TIME,1596301027.0,
TOTAL_TIME,377.2