BURST_NUMBER,ORIENTATION,START_TIME,Gate0,Gate1,Gate2,Gate3,Gate4,Gate5,Gate6,Gate7,Gate8,Gate9,Gate10,Gate11,Gate12,Gate13,Gate14,
1,L,14.4,NA,NA,NA,NA,0.0,NA,NA,NA,NA,0.095253,17.623643,17.934922,18.340618,22.37838,22.442725,
2,L,60.4,NA,0.0,NA,0.716394,NA,NA,NA,NA,NA,0.050049,NA,0.900029,19.402281,19.499255,19.530991,
3,L,104.9,0.0,19.013343,20.335567,21.910983,NA,NA,NA,NA,NA,3.115982,NA,NA,NA,NA,40.04605,
4,L,182.9,0.0,NA,NA,NA,NA,NA,NA,NA,NA,NA,NA,NA,NA,NA,9.469715,
5,R,266.5,0.0,NA,NA,NA,NA,NA,-9.460554,3.815081,3.850054,3.879825,3.905726,3.951949,3.97348,4.005253,4.020949,
6,R,310.0,0.0,0.120073,0.580177,1.359306,2.73847,3.438708,3.516775,3.549534,3.594563,3.631066,3.66868,3.703405,3.735908,3.762906,3.800122,
7,L,359.2,0.0,0.087278,0.145597,0.192144,0.217781,0.255113,0.283512,0.324449,0.349311,0.378453,0.412692,0.445514,0.477656,0.51039,0.525737,
8,R,407.5,0.0,0.486279,0.566103,0.666432,0.799313,1.004666,1.187308,1.333849,NA,NA,NA,-10.584848,2.682612,2.729073,2.777153,
9,R,439.6,NA,0.0,0.057414,0.111694,0.145735,0.195771,0.23729,0.280706,0.314046,0.364054,0.402725,0.451702,0.498086,0.550961,2.308714,
10,L,469.1,0.0,0.433165,0.606083,0.778618,1.106822,1.462535,1.866593,2.653556,2.990402,NA,3.173425,3.398538,9.014741,9.032192,9.047625,
START_TIME,1596301788.0,
END_TIME,1596302269.0,
TOTAL_TIME,480.8