BURST_NUMBER,ORIENTATION,START_TIME,Gate0,Gate1,Gate2,Gate3,Gate4,Gate5,Gate6,Gate7,Gate8,Gate9,Gate10,Gate11,Gate12,Gate13,Gate14,
1,L,18.8,NA,NA,0.0,NA,1.44131,12.506656,12.544185,12.559552,NA,NA,NA,5.447606,NA,3.70691,12.743377,
2,R,94.5,0.0,0.089342,0.792245,0.975664,1.042579,1.101272,1.178184,1.255929,1.36421,1.523847,1.772356,2.121239,NA,-1.215457,2.886437,
3,L,126.2,NA,NA,0.0,NA,NA,7.786428,NA,NA,15.962192,18.387654,NA,NA,NA,NA,18.585155,
4,R,196.4,NA,NA,NA,NA,NA,NA,NA,NA,NA,NA,NA,NA,NA,NA,0.0,
5,L,266.2,NA,NA,0.0,NA,0.951081,NA,NA,NA,12.006602,NA,NA,NA,13.603556,NA,17.781344,
6,R,427.4,NA,NA,0.0,0.064087,0.132584,0.186348,0.232544,0.296736,NA,NA,NA,-0.627195,0.777297,3.526522,3.719081,
7,L,472.2,0.0,15.379143,28.625005,29.990435,NA,NA,NA,NA,NA,15.562664,NA,NA,18.777689,31.61236,31.740727,
8,R,558.4,0.0,0.421557,0.553163,NA,0.651128,0.69932,0.743035,0.784235,0.81699,0.861143,0.934934,1.023702,1.105674,1.223752,1.306144,
9,L,609.5,0.0,0.337214,0.621474,0.78091,NA,NA,NA,NA,NA,-7.110262,2.001583,2.198895,2.268296,2.464995,2.512749,
10,R,645.8,NA,NA,NA,NA,NA,0.0,NA,NA,NA,NA,3.426366,7.199538,7.23887,7.305419,7.342787,
11,L,717.0,0.0,0.676834,NA,NA,NA,NA,NA,-8.0795,1.221453,1.251118,NA,NA,-6.062258,1.439723,1.484606,
START_TIME,1596303008.0,
END_TIME,1596303752.0,
TOTAL_TIME,743.7