BURST_NUMBER,ORIENTATION,START_TIME,Gate0,Gate1,Gate2,Gate3,Gate4,Gate5,Gate6,Gate7,Gate8,Gate9,Gate10,Gate11,Gate12,Gate13,Gate14,
1,R,45.7,NA,NA,NA,0.0,NA,2.064914,2.511664,2.540699,2.571255,2.598213,2.62818,2.663993,2.684662,2.728994,2.74829,
2,L,134.4,0.0,0.246057,0.309793,0.360359,0.405158,0.487621,0.530474,0.557049,0.610861,0.642332,0.702123,0.773566,0.840993,0.918609,0.950216,
3,R,216.5,0.0,0.101621,0.388544,1.19835,1.536999,1.818264,2.082941,2.133645,2.285825,2.679887,3.009432,3.222298,3.364677,3.531347,3.611565,
4,L,291.9,0.0,0.13284,0.510012,1.625659,2.534982,2.972808,3.116081,3.224562,3.345075,3.511578,3.761493,4.097564,4.698239,5.498023,5.743148,
5,R,361.1,NA,NA,NA,NA,NA,0.0,NA,NA,NA,NA,NA,NA,NA,NA,-0.082277,
6,R,395.7,NA,0.0,NA,NA,NA,NA,NA,0.099712,7.561832,7.671378,7.744467,7.864265,7.952881,8.149838,8.226031,
7,L,436.6,0.0,NA,NA,NA,NA,NA,-8.524688,2.267567,2.323128,2.420361,2.504678,2.600135,2.664672,2.746546,2.762016,
8,R,511.4,0.0,0.201641,0.638484,0.815663,0.941109,1.101627,1.265185,1.404992,1.583381,1.959621,2.323102,2.78858,2.903042,3.053118,3.212565,
START_TIME,1596304469.0,
END_TIME,1596304998.0,
TOTAL_TIME,529.0