BURST_NUMBER,ORIENTATION,START_TIME,Gate0,Gate1,Gate2,Gate3,Gate4,Gate5,Gate6,Gate7,Gate8,Gate9,Gate10,Gate11,Gate12,Gate13,Gate14,
1,L,36.0,NA,NA,NA,NA,NA,NA,NA,NA,NA,NA,NA,NA,NA,NA,0.0,
2,R,120.7,0.0,0.797505,0.988787,1.168538,1.509248,1.816714,2.323453,4.436986,NA,NA,NA,-16.675593,7.674065,8.837961,9.192051,
3,L,186.6,NA,0.0,6.867811,7.233926,7.742918,8.586378,9.001823,9.129468,9.238926,9.312624,9.360508,9.425656,NA,2.73929,9.618013,
4,R,272.4,NA,NA,NA,NA,NA,NA,NA,NA,0.0,NA,NA,NA,-0.050688,1.751344,3.350776,
5,L,321.6,NA,0.0,7.752067,7.804784,7.835361,7.88844,NA,NA,NA,NA,3.422229,8.328131,NA,2.167174,8.665503,
6,R,397.4,NA,0.0,3.70755,4.440824,4.77068,5.411407,5.46909,5.56106,5.65373,5.729646,5.801587,5.867178,5.932154,6.029068,6.108874,
7,L,450.0,0.0,0.176378,0.413975,0.647774,0.796782,0.975592,1.136277,1.298545,1.463937,1.603859,1.753469,1.915702,2.095548,2.34331,2.454804,
8,R,499.6,0.0,0.239782,0.81793,NA,1.832544,1.930326,2.002129,2.06156,2.149042,2.239477,2.327485,2.492524,2.591245,2.756501,2.843973,
START_TIME,1596305766.0,
END_TIME,1596306285.0,
TOTAL_TIME,519.3