BURST_NUMBER,ORIENTATION,START_TIME,Gate0,Gate1,Gate2,Gate3,Gate4,Gate5,Gate6,Gate7,Gate8,Gate9,Gate10,Gate11,Gate12,Gate13,Gate14,
1,L,41.2,NA,NA,NA,NA,NA,0.0,NA,NA,NA,NA,NA,NA,1.249999,6.266633,6.286118,
2,L,156.7,0.0,0.017365,0.061457,0.121782,0.18754,0.243811,0.297536,NA,0.46913,0.49131,0.540358,0.705435,1.051843,1.179709,1.243979,
3,R,212.8,0.0,0.5458,1.216989,1.261015,1.289516,1.312429,1.351943,1.37725,1.410286,1.43056,1.469957,1.501646,1.548685,1.585686,1.617512,
4,L,249.8,NA,0.0,7.219006,NA,NA,NA,NA,NA,NA,NA,NA,NA,NA,NA,6.620632,
5,R,305.3,NA,NA,NA,NA,NA,NA,0.0,NA,NA,NA,NA,NA,NA,NA,1.099485,
6,L,364.8,NA,0.0,0.069933,0.157426,0.226348,0.278871,0.317486,0.393614,0.444575,0.543508,0.602957,0.69522,0.779299,0.876489,0.923099,
7,L,386.3,NA,0.0,3.934812,4.297888,5.196441,7.026429,7.047714,7.083672,7.127658,7.157995,7.193018,7.208936,7.240161,7.277792,7.2755,
8,R,435.5,NA,NA,0.0,2.505048,2.566978,2.591782,2.638621,2.668643,2.711155,2.723309,2.769758,2.794596,2.830304,2.865819,2.885454,
START_TIME,1596307107.0,
END_TIME,1596307591.0,
TOTAL_TIME,483.9