BURST_NUMBER,ORIENTATION,START_TIME,Gate0,Gate1,Gate2,Gate3,Gate4,Gate5,Gate6,Gate7,Gate8,Gate9,Gate10,Gate11,Gate12,Gate13,Gate14,
1,L,47.0,0.0,0.012153,0.046193,0.083716,0.109539,0.131591,0.145475,NA,NA,NA,NA,NA,NA,NA,0.417175,
2,R,114.1,0.0,0.085593,0.648971,0.856423,0.887906,0.916683,0.958034,0.981226,1.02146,1.052789,1.09365,1.126393,1.188856,1.235398,1.270825,
3,L,159.9,NA,NA,NA,0.0,5.974456,5.994556,6.032002,6.064807,6.085897,6.134816,NA,NA,-0.984974,6.219351,6.234726,
4,R,242.7,0.0,0.200472,NA,NA,0.659245,0.811069,0.922034,0.944728,0.993862,1.031406,1.062209,1.111234,1.158086,1.205301,1.224791,
5,L,291.5,0.0,0.653817,0.743256,0.774752,0.819654,0.845346,0.888626,0.923799,0.968997,1.006408,1.053377,1.132885,1.21273,1.310767,1.375064,
6,R,336.3,0.0,0.130195,0.518952,1.068648,2.178285,2.556833,3.159402,3.497938,4.160348,4.212526,4.276407,4.324558,4.395352,4.459748,4.495451,
7,L,372.4,0.0,0.147581,0.616681,1.5347,4.220706,4.591082,4.634734,4.657513,4.690056,4.722064,4.755693,4.783675,4.832758,4.863797,4.87924,
8,R,429.9,0.0,0.340982,1.237885,2.092884,3.247724,3.341426,3.465625,3.523797,3.599327,3.666696,3.758476,3.842476,4.022069,4.16256,4.243372,
START_TIME,1596308532.0,
END_TIME,1596308994.0,
TOTAL_TIME,462.0