BURST_NUMBER,ORIENTATION,START_TIME,Gate0,Gate1,Gate2,Gate3,Gate4,Gate5,Gate6,Gate7,Gate8,Gate9,Gate10,Gate11,Gate12,Gate13,Gate14,
1,L,28.3,0.0,0.038488,0.098169,0.197448,0.302755,0.539014,0.785358,1.196971,2.160061,3.288944,3.801777,4.259188,4.34624,4.462136,4.526485,
2,R,68.6,0.0,0.017194,0.158351,0.323298,0.566542,0.95385,1.476274,2.031619,2.343583,2.544597,2.946867,3.706091,3.913452,4.189364,4.33691,
3,L,112.8,0.0,0.023853,0.070558,0.101122,0.141743,0.18498,0.206383,0.249586,0.282894,0.33389,0.383627,0.417155,0.466278,0.499158,0.530793,
4,R,151.8,0.0,0.096658,0.335883,0.53028,0.888625,1.65663,3.410271,3.484679,3.559753,3.604876,3.632824,3.668924,3.707085,3.739773,3.758972,
5,L,208.5,0.0,0.025633,0.081468,0.136073,0.161104,0.197507,0.241743,0.270437,0.296107,0.330525,0.383465,0.413478,0.468248,0.520848,0.552675,
6,R,261.6,0.0,0.029487,0.443324,1.312539,2.155452,2.212373,2.333839,2.547936,2.748554,2.835895,2.907933,2.979134,3.083604,3.235808,3.34942,
7,L,324.0,0.0,0.012769,0.057934,0.109318,0.136678,0.181496,0.214377,0.23544,0.271878,0.32095,0.352388,0.39489,0.441916,0.473999,0.505554,
8,R,365.0,0.0,0.529171,2.478088,3.220408,5.534767,6.276448,6.334016,6.376108,6.414569,6.462606,6.535658,6.598734,6.663369,6.748478,6.799958,
START_TIME,1596309739.0,
END_TIME,1596310126.0,
TOTAL_TIME,387.0