BURST_NUMBER,ORIENTATION,START_TIME,Gate0,Gate1,Gate2,Gate3,Gate4,Gate5,Gate6,Gate7,Gate8,Gate9,Gate10,Gate11,Gate12,Gate13,Gate14,
1,L,62.1,0.0,0.041825,0.082694,0.115844,0.14608,0.203832,0.254784,0.322084,0.37466,0.405283,0.456182,0.522222,0.58941,0.734601,0.864692,
2,R,116.7,0.0,0.027897,0.168535,0.306255,0.434948,0.586226,0.711444,0.822594,0.921332,1.032171,1.144484,1.228327,1.328723,1.42654,1.478431,
3,L,159.1,NA,NA,NA,NA,NA,NA,0.0,0.014767,2.02952,2.139914,2.507821,3.153967,3.355027,3.643802,3.837301,
4,R,200.8,0.0,0.199371,0.275313,0.346907,0.469221,0.645321,0.78751,0.917305,1.024169,1.117493,1.236283,1.351968,1.538995,1.755089,1.834773,
5,L,258.8,0.0,0.417026,0.491919,0.545914,0.60847,0.703904,NA,0.962548,0.969481,1.115166,1.359471,NA,1.694543,1.839126,1.885419,
6,R,321.8,0.0,0.066968,0.486377,0.977229,2.006701,2.188873,2.396665,2.723593,3.564021,3.977213,4.037194,4.076105,4.130283,4.161253,4.180042,
7,L,383.9,0.0,0.112621,0.393213,0.534045,0.657246,0.782581,0.945823,1.14698,1.459416,1.920849,2.512443,3.231203,3.464355,3.662352,3.760687,
8,R,417.7,NA,0.0,0.033314,0.139274,0.223517,0.350374,0.471551,0.878251,0.900251,1.05781,1.121132,1.232438,1.485386,1.600929,1.652254,
START_TIME,1596314036.0,
END_TIME,1596314464.0,
TOTAL_TIME,427.5