BURST_NUMBER,ORIENTATION,START_TIME,Gate0,Gate1,Gate2,Gate3,Gate4,Gate5,Gate6,Gate7,Gate8,Gate9,Gate10,Gate11,Gate12,Gate13,Gate14,
1,L,34.0,0.0,0.015643,NA,NA,NA,NA,NA,NA,NA,NA,NA,NA,NA,1.123657,1.091864,
2,R,81.7,0.0,0.041409,0.087487,NA,0.234832,0.276997,0.303137,0.356122,0.406881,0.490372,0.586126,0.654724,0.725334,0.817821,0.897777,
3,L,130.5,0.0,0.114244,0.339206,0.555027,0.687967,0.813872,0.969572,1.197119,1.640513,2.164101,2.847129,2.946424,2.998987,3.068116,3.103395,
4,R,187.9,0.0,0.081129,0.43206,1.414776,2.181036,2.915356,3.233634,3.278952,3.316299,3.35837,3.389243,3.422057,3.455485,3.500881,3.53295,
5,L,241.7,0.0,0.034532,0.22942,0.449765,0.627915,0.813259,1.029416,1.37481,1.756681,1.950856,2.128188,2.306979,2.760071,3.188525,3.460164,
6,R,315.7,0.0,0.014824,NA,NA,NA,NA,NA,NA,NA,NA,NA,NA,1.363809,NA,1.291047,
7,L,363.7,0.0,0.206189,0.626462,0.838342,0.990579,1.161308,1.31995,1.462621,1.724152,1.790327,1.837165,1.887985,1.937974,1.973415,1.983615,
8,R,428.0,0.0,0.049904,0.116177,0.207126,0.347442,0.490556,0.642513,0.78149,0.945786,1.097335,1.25134,1.44138,1.571594,1.700344,1.780353,
START_TIME,1596316106.0,
END_TIME,1596316569.0,
TOTAL_TIME,463.2