BURST_NUMBER,ORIENTATION,START_TIME,Gate0,Gate1,Gate2,Gate3,Gate4,Gate5,Gate6,Gate7,Gate8,Gate9,Gate10,Gate11,Gate12,Gate13,Gate14,
1,R,35.3,0.0,0.026769,0.090344,0.143007,0.184801,0.200975,0.245356,0.276695,NA,NA,NA,-2.682147,0.443537,0.495314,0.527056,
2,R,87.4,0.0,0.164928,0.473157,0.523216,NA,NA,0.62574,0.6529,0.691004,0.726525,0.755008,NA,0.836203,0.865998,0.901737,
3,L,160.0,0.0,1.000896,1.10668,1.175604,1.235862,1.312811,NA,NA,1.43228,1.470917,1.519009,1.569181,1.635649,1.713648,1.749258,
4,R,236.3,0.0,0.069666,0.376571,1.040772,1.501448,1.755332,1.910971,2.071689,2.386197,2.868857,3.282191,3.544068,4.053382,4.312004,4.36396,
5,L,280.1,0.0,0.061512,0.179104,0.330657,0.426901,0.575858,1.043964,2.738572,3.232226,3.470543,3.798698,3.973596,4.111724,4.29203,4.407231,
6,R,345.4,0.0,0.045066,0.481039,0.639508,0.845757,1.113612,1.370699,1.831903,2.062224,2.504783,2.730101,2.97379,3.250645,3.624664,7.613486,
7,R,413.6,NA,NA,NA,NA,NA,NA,NA,NA,NA,NA,NA,NA,NA,0.0,0.043805,
8,L,492.1,0.0,0.11048,0.426122,0.6815,0.911731,1.416287,NA,NA,11.160112,11.216711,11.268585,11.309925,11.357818,11.400442,11.433394,
9,R,588.6,0.0,0.278785,1.230071,2.090227,2.387805,2.899549,3.187063,3.534868,3.816066,4.18093,4.701448,NA,NA,NA,11.31239,
10,R,660.7,0.0,0.056839,0.227634,0.467531,0.899144,1.907057,5.395501,NA,6.308205,6.376915,6.429003,6.474165,6.5417,6.623904,6.671884,
START_TIME,1596317663.0,
END_TIME,1596318370.0,
TOTAL_TIME,706.3