BURST_NUMBER,ORIENTATION,START_TIME,Gate0,Gate1,Gate2,Gate3,Gate4,Gate5,Gate6,Gate7,Gate8,Gate9,Gate10,Gate11,Gate12,Gate13,Gate14,
1,L,87.6,0.0,0.181573,0.297066,0.417797,0.491641,0.58034,0.642223,0.691479,0.741224,0.784014,0.840866,0.871186,0.920813,0.973636,0.989799,
2,R,168.0,0.0,0.448125,0.660593,0.762052,0.808486,0.863938,0.925691,0.961414,1.013989,1.052609,1.103524,1.152581,1.233174,1.334095,1.39753,
3,L,260.2,0.0,0.1719,0.236355,0.303698,0.348961,0.426802,0.484251,0.53066,0.59629,0.675983,0.718783,0.768526,0.839193,0.903443,0.916946,
4,R,350.6,0.0,0.353089,0.595765,0.675993,0.748447,0.839962,0.926962,1.001551,1.087579,1.145911,1.242644,1.34306,1.441162,1.554641,1.618753,
5,L,440.1,0.0,NA,NA,NA,NA,NA,-9.788594,0.679295,0.792653,0.865323,0.951951,1.051895,1.148971,1.202019,1.237258,
6,R,477.4,0.0,8.981888,9.741919,10.7242,NA,NA,NA,NA,NA,-6.516981,2.768077,12.553343,12.599323,12.648347,12.6811,
7,L,581.8,NA,NA,NA,NA,NA,0.0,4.220403,NA,4.59272,4.661123,4.734286,4.829327,4.969238,5.069866,5.11619,
8,R,628.8,NA,0.0,8.236961,8.3978,NA,NA,NA,NA,NA,-5.482539,15.333859,15.487137,NA,0.732101,16.517326,
START_TIME,1596320969.0,
END_TIME,1596321620.0,
TOTAL_TIME,651.0