BURST_NUMBER,ORIENTATION,START_TIME,Gate0,Gate1,Gate2,Gate3,Gate4,Gate5,Gate6,Gate7,Gate8,Gate9,Gate10,Gate11,Gate12,Gate13,Gate14,
1,L,55.1,0.0,0.134946,NA,NA,NA,NA,NA,-16.735103,2.013521,2.030462,2.077358,2.11696,2.180123,2.228083,2.247437,
2,R,116.7,NA,0.0,12.644936,12.71867,12.823467,12.963725,13.09026,13.17995,13.301159,13.39661,13.606134,13.958242,14.366075,14.62734,15.131776,
3,L,180.0,0.0,0.103634,0.275021,0.561754,1.073922,2.308677,NA,NA,NA,NA,-9.160001,4.31917,5.036578,6.471704,7.099395,
4,R,231.6,0.0,0.152022,0.538371,0.79554,0.874022,1.000168,1.137745,1.250118,NA,NA,NA,-4.093207,2.0999,2.330831,2.41332,
5,L,277.1,0.0,0.112525,0.393703,0.856909,1.451781,2.203537,2.270312,2.317224,NA,NA,NA,-7.047306,2.682383,2.751182,2.786382,
6,R,312.9,NA,0.0,NA,0.783147,NA,NA,0.91702,5.300521,5.436523,5.591023,5.75628,5.902541,6.275294,6.553726,6.801953,
7,L,365.0,NA,NA,0.0,9.837072,10.08968,10.134753,10.182406,10.231159,10.287576,10.337623,NA,NA,7.56168,10.568232,10.604261,
8,R,409.9,0.0,0.078909,0.309041,0.59277,1.049026,1.481557,1.624097,1.780348,NA,NA,NA,-1.192499,2.856669,3.086899,3.312816,
START_TIME,1596322409.0,
END_TIME,1596322828.0,
TOTAL_TIME,419.1