BURST_NUMBER,ORIENTATION,START_TIME,Gate0,Gate1,Gate2,Gate3,Gate4,Gate5,Gate6,Gate7,Gate8,Gate9,Gate10,Gate11,Gate12,Gate13,Gate14,
1,L,281.0,NA,NA,NA,NA,NA,NA,0.0,0.037385,0.070452,0.129862,0.165286,0.219029,0.265083,0.346335,0.381676,
2,R,315.9,0.0,0.040452,0.145744,0.239827,0.302471,0.37534,0.475373,0.597704,0.802308,1.07003,1.458326,1.923562,2.206382,2.710485,3.19472,
3,L,366.4,0.0,0.081885,0.262656,0.465925,0.724078,1.212823,1.576803,1.839558,2.517198,2.683584,2.798289,2.963906,3.206478,3.728716,4.010345,
4,R,428.6,0.0,0.031823,0.294122,0.787409,1.802193,3.39016,3.812838,3.891028,3.9304,3.968198,4.030096,4.081914,4.125021,4.189307,4.255209,
5,L,498.6,0.0,0.433047,1.640584,2.414285,13.906124,14.348448,14.597199,15.0398,15.177242,15.361482,15.587491,15.881103,16.306939,16.918342,17.208298,
6,R,557.8,0.0,0.321729,1.132041,NA,2.070728,2.122382,2.223384,2.332586,2.451452,2.638143,2.907019,3.16402,3.456692,3.684318,3.880744,
7,L,627.5,0.0,NA,0.150549,0.229441,0.372758,0.51498,0.604785,0.701132,0.816118,0.937001,1.078072,1.286268,1.43331,1.583848,1.663369,
8,L,690.9,0.0,0.447182,1.26209,11.827601,11.893456,11.959302,12.018526,12.10426,12.195601,12.371943,12.402705,12.433443,12.502528,12.661585,12.725654,
START_TIME,1596323480.0,
END_TIME,1596324201.0,
TOTAL_TIME,720.4