BURST_NUMBER,ORIENTATION,START_TIME,Gate0,Gate1,Gate2,Gate3,Gate4,Gate5,Gate6,Gate7,Gate8,Gate9,Gate10,Gate11,Gate12,Gate13,Gate14,
1,L,24.9,NA,NA,0.0,NA,0.548796,23.52888,23.586131,23.67252,23.778245,23.935572,24.142336,24.413351,24.513129,24.59283,24.639713,
2,R,117.8,NA,NA,NA,0.0,5.154858,5.246446,5.339457,5.464015,5.800648,6.199275,6.456248,7.109185,7.372251,7.717771,8.03728,
3,L,153.7,NA,0.0,21.633621,NA,NA,NA,NA,NA,17.567501,36.611265,36.773292,37.0481,NA,12.366338,38.469954,
4,L,266.7,0.0,0.802261,1.209292,1.360329,1.461653,1.582475,1.754603,2.284135,2.618677,2.959465,3.748751,3.958617,4.024296,4.092915,4.142263,
5,R,307.6,0.0,0.423683,1.696904,2.752353,3.70686,4.875931,5.709862,5.834882,5.943569,6.073672,6.2996,6.574538,7.14771,7.363729,7.745703,
6,L,358.0,NA,NA,NA,NA,NA,NA,NA,0.0,NA,NA,NA,NA,NA,NA,3.865529,
7,R,425.0,NA,NA,0.0,NA,NA,0.13345,11.542701,11.621781,11.720647,11.813835,11.920461,12.017562,12.152267,12.345436,12.476766,
8,L,479.9,NA,NA,NA,NA,0.0,12.443133,12.78832,13.013324,13.097881,13.205382,13.376476,13.614828,13.947325,14.223423,14.271871,
9,L,563.3,NA,0.0,0.045674,0.107584,0.17623,0.233105,NA,NA,NA,0.454843,0.522803,0.578537,0.676632,0.723261,0.754902,
START_TIME,1596326141.0,
END_TIME,1596326710.0,
TOTAL_TIME,568.9