BURST_NUMBER,ORIENTATION,START_TIME,Gate0,Gate1,Gate2,Gate3,Gate4,Gate5,Gate6,Gate7,Gate8,Gate9,Gate10,Gate11,Gate12,Gate13,Gate14,
1,L,104.5,0.0,NA,NA,NA,NA,NA,-15.086061,1.61502,1.63975,1.657445,1.690547,1.722028,1.738344,1.771061,1.786503,
2,R,201.4,NA,NA,NA,NA,NA,NA,NA,NA,0.0,NA,NA,NA,NA,-0.357979,-0.437934,
3,L,281.0,NA,NA,NA,NA,NA,0.0,NA,NA,NA,NA,7.749358,18.463119,18.635737,18.917731,19.042291,
4,R,367.2,0.0,0.030827,0.21508,0.348667,0.499971,0.748529,0.947016,1.05237,1.20543,1.370647,1.603492,1.881957,1.963761,2.111775,2.240506,
5,L,390.8,0.0,1.041566,6.022428,6.837732,7.194633,7.479344,8.021967,8.337376,8.401968,8.433099,8.483292,8.514142,8.544404,8.576169,8.595149,
6,R,449.6,0.0,0.174329,0.983066,1.727461,2.268654,3.004724,NA,NA,NA,NA,-0.495518,3.284681,3.339081,3.371745,3.403472,
7,L,482.6,NA,NA,NA,NA,0.0,9.14389,9.17351,9.213913,9.257253,9.321825,9.372801,9.438997,9.518439,9.621962,9.684141,
8,R,539.2,NA,NA,NA,NA,NA,NA,NA,NA,NA,NA,NA,NA,NA,0.0,-0.065553,
9,L,558.6,NA,NA,NA,NA,0.0,NA,NA,2.53345,2.54219,2.632322,2.743885,2.808609,2.901986,3.423831,3.475909,
START_TIME,1596327551.0,
END_TIME,1596328136.0,
TOTAL_TIME,585.3