BURST_NUMBER,ORIENTATION,START_TIME,Gate0,Gate1,Gate2,Gate3,Gate4,Gate5,Gate6,Gate7,Gate8,Gate9,Gate10,Gate11,Gate12,Gate13,Gate14,
1,R,739.4,0.0,7.948064,8.383491,8.696878,8.994453,9.723522,11.086508,11.684318,12.823898,13.377769,13.922658,14.223167,14.348477,14.477659,14.558319,
2,L,798.6,0.0,0.471823,1.092054,1.664903,3.015514,3.61929,4.197369,5.811403,6.455959,6.693935,7.300295,NA,7.862376,8.076046,8.157343,
3,R,925.6,0.0,0.340559,0.928339,1.597871,NA,2.236798,3.788359,4.072674,4.098014,4.197488,4.384891,4.701527,5.048345,5.21342,5.35394,
4,L,1052.4,0.0,0.400162,1.110414,1.443144,1.754417,2.146698,2.274801,2.764125,3.039821,3.358561,3.811411,4.405812,4.585854,4.657336,4.677957,
5,R,1125.2,0.0,0.285284,0.511436,0.834455,1.100747,1.299982,1.544339,1.789314,1.934239,2.126933,2.26166,2.494423,2.819099,3.013219,3.128244,
6,L,1192.3,0.0,0.024898,0.108244,NA,0.22212,0.274319,0.36405,0.513038,0.575476,0.857217,1.179236,NA,1.309209,1.503435,1.552824,
7,R,1343.8,NA,NA,NA,NA,NA,NA,NA,NA,NA,NA,NA,NA,NA,0.0,-0.069862,
8,R,1377.5,0.0,0.12253,0.5607,0.998129,1.409234,1.98804,2.265038,12.702914,12.818737,13.162186,13.31123,13.493943,13.9093,14.039922,14.215899,
9,L,1456.8,0.0,0.201369,0.746143,0.996066,1.488835,1.896647,1.94411,2.093008,2.277403,2.450715,2.695166,2.881305,3.027452,3.28907,3.389238,
10,R,1537.8,0.0,0.107074,0.36991,0.858561,1.270222,1.483376,1.708861,1.999301,2.219109,2.598156,2.724864,2.887955,3.064493,3.312537,3.361052,
START_TIME,1596341882.0,
END_TIME,1596343429.0,
TOTAL_TIME,1547.7