BURST_NUMBER,ORIENTATION,START_TIME,Gate0,Gate1,Gate2,Gate3,Gate4,Gate5,Gate6,Gate7,Gate8,Gate9,Gate10,Gate11,Gate12,Gate13,Gate14,
1,R,104.2,0.0,NA,0.159723,0.471839,1.512709,16.803188,17.288092,17.334634,17.379457,17.434046,17.481822,17.545307,17.646999,17.711318,17.759464,
2,L,191.2,NA,NA,NA,NA,NA,0.0,6.990867,7.297931,7.87736,8.127319,8.532085,NA,NA,17.126145,17.177288,
3,L,243.6,0.0,NA,NA,NA,NA,NA,-14.374775,-1.098869,1.372583,1.560394,1.894722,2.386026,3.079865,4.299491,4.575906,
4,R,277.3,0.0,0.019589,0.087163,0.147624,0.194281,0.240841,0.299126,0.338107,0.422742,0.502826,0.648195,0.82831,1.070572,1.219037,1.333218,
5,L,321.2,0.0,0.074886,0.295027,0.582243,1.080333,1.711393,2.818521,2.872056,2.908469,2.949451,2.982044,3.013751,3.047835,3.09663,3.11206,
6,L,372.5,NA,NA,0.0,NA,5.718645,15.735065,NA,NA,NA,NA,10.934454,15.959871,NA,-0.315056,16.07703,
7,L,430.8,0.0,0.048888,NA,NA,NA,NA,NA,-1.784791,0.472553,0.671037,0.948905,1.235393,1.76256,2.396277,2.769753,
8,R,477.8,NA,NA,NA,NA,NA,NA,NA,NA,NA,NA,NA,NA,NA,NA,0.0,
9,L,547.2,NA,0.0,NA,NA,NA,NA,NA,3.516437,8.246934,8.282539,8.311547,8.367118,8.416643,8.466399,8.498291,
START_TIME,1596332349.0,
END_TIME,1596332915.0,
TOTAL_TIME,565.7