BURST_NUMBER,ORIENTATION,START_TIME,Gate0,Gate1,Gate2,Gate3,Gate4,Gate5,Gate6,Gate7,Gate8,Gate9,Gate10,Gate11,Gate12,Gate13,Gate14,
1,L,40.3,0.0,0.010663,0.056062,0.100762,0.145297,0.169649,NA,NA,0.293473,0.313694,0.35425,0.388668,0.433819,0.486137,0.505491,
2,R,80.2,NA,NA,NA,NA,NA,NA,NA,NA,NA,NA,NA,NA,NA,0.0,-0.061378,
3,L,95.1,NA,NA,0.0,1.527226,1.672462,1.830141,2.274793,2.73047,3.454117,3.568499,3.628905,3.682396,3.735221,3.783476,3.818563,
4,R,142.6,0.0,0.06397,0.31993,0.366165,0.489226,0.675608,0.792342,0.930195,1.026969,1.20269,1.548001,2.121418,NA,-1.336644,3.417788,
5,L,190.9,0.0,0.497549,0.562484,0.720776,0.865646,1.01561,1.156555,1.278651,1.384552,1.722153,2.184553,2.524378,2.755391,2.953053,3.004373,
6,L,225.1,NA,NA,NA,NA,0.0,0.068551,0.11402,0.151568,0.210058,0.239085,0.288514,0.325814,0.374535,0.426307,0.44223,
7,R,279.8,0.0,4.646625,5.788928,7.46781,14.432704,14.879751,NA,NA,NA,NA,11.258446,NA,NA,-16.621056,20.119422,
8,R,353.2,0.0,1.62179,NA,NA,NA,NA,NA,-15.274098,NA,NA,NA,-20.156184,NA,8.734047,8.765712,
9,L,408.6,0.0,2.744422,3.625849,3.674791,3.746709,NA,3.898281,3.929388,3.974875,4.059653,4.142743,4.30307,4.478829,4.638748,4.699371,
START_TIME,1596333828.0,
END_TIME,1596334259.0,
TOTAL_TIME,430.3