BURST_NUMBER,ORIENTATION,START_TIME,Gate0,Gate1,Gate2,Gate3,Gate4,Gate5,Gate6,Gate7,Gate8,Gate9,Gate10,Gate11,Gate12,Gate13,Gate14,
1,L,23.2,NA,NA,0.0,4.350157,4.37989,4.433771,4.474093,4.508249,4.559578,4.594286,4.648905,4.697978,4.746217,4.811819,4.831522,
2,R,53.3,0.0,0.388041,1.765649,2.212751,2.257993,2.318005,2.362328,2.414074,2.448912,2.473583,2.527709,NA,NA,NA,2.643162,
3,L,118.0,0.0,0.390595,0.60446,0.652226,0.699263,0.726921,0.765585,0.789638,0.831987,0.85653,0.885037,0.920228,0.950606,0.999646,1.033083,
4,R,169.9,NA,NA,NA,NA,NA,0.0,NA,NA,15.890061,16.006725,16.073252,16.134706,NA,-14.67735,16.266835,
5,L,251.7,0.0,0.017489,0.074268,0.101403,0.144619,0.182618,0.224638,0.246301,0.294662,0.332105,0.354362,0.389411,0.438387,0.481921,0.503132,
6,L,310.9,0.0,0.096414,0.257359,0.437759,0.680991,1.008082,1.459674,1.973777,2.927714,3.606891,3.658049,3.717927,3.797947,3.928473,3.982229,
7,R,367.4,0.0,0.069606,0.143421,0.194222,0.227781,0.273814,0.298605,0.323807,0.357411,0.406646,0.437461,0.492814,0.544119,0.592112,0.623907,
8,L,437.6,0.0,0.275267,0.381234,0.435949,0.462393,0.486687,0.524399,0.54715,0.567466,0.60018,0.627698,0.664928,0.702351,0.750399,0.76938,
START_TIME,1596335017.0,
END_TIME,1596335498.0,
TOTAL_TIME,481.8