BURST_NUMBER,ORIENTATION,START_TIME,Gate0,Gate1,Gate2,Gate3,Gate4,Gate5,Gate6,Gate7,Gate8,Gate9,Gate10,Gate11,Gate12,Gate13,Gate14,
1,R,801.4,0.0,0.127702,0.703026,1.319341,2.088986,2.144328,NA,NA,NA,NA,NA,2.366342,NA,NA,2.52543,
2,R,872.7,NA,NA,NA,NA,NA,NA,NA,NA,NA,NA,NA,NA,0.0,NA,5.383795,
3,L,916.8,NA,NA,0.0,3.487271,3.530866,3.572195,3.593322,3.651774,3.702477,NA,NA,3.785599,3.811058,3.869576,3.888546,
4,R,978.1,0.0,0.02306,0.088136,0.173533,0.245588,0.312972,0.353012,0.395359,NA,0.551661,0.555432,0.608118,0.675335,0.724608,0.740015,
5,L,1025.6,NA,NA,NA,NA,NA,0.0,6.758112,6.796922,6.856259,6.899485,6.946272,6.989738,7.039736,7.086818,7.105687,
6,R,1079.6,NA,NA,NA,NA,NA,0.0,NA,NA,NA,22.666222,46.160215,55.75988,55.807451,55.839228,55.868362,
7,L,1175.4,0.0,0.121182,0.203565,0.259913,0.308993,0.349648,0.394125,0.453288,0.516975,0.564091,0.627022,0.673923,0.721937,0.804632,0.820023,
8,R,1209.4,0.0,0.306254,NA,4.805393,NA,NA,NA,NA,NA,-11.855316,15.765141,15.827428,15.8969,15.967154,16.031426,
START_TIME,1596335541.0,
END_TIME,1596336775.0,
TOTAL_TIME,1234.2