BURST_NUMBER,ORIENTATION,START_TIME,Gate0,Gate1,Gate2,Gate3,Gate4,Gate5,Gate6,Gate7,Gate8,Gate9,Gate10,Gate11,Gate12,Gate13,Gate14,
1,L,812.5,0.0,NA,NA,NA,NA,NA,-8.060012,NA,NA,NA,NA,NA,1.250423,1.320595,1.3381,
2,R,895.7,NA,NA,NA,NA,NA,0.0,NA,NA,NA,NA,18.681757,34.069777,35.221494,36.534883,37.050259,
3,L,990.5,0.0,0.420432,2.431376,3.303341,3.294293,3.396007,3.484091,NA,3.641729,3.694663,NA,NA,-5.485982,3.887265,3.922626,
4,R,1089.6,0.0,0.116098,0.720934,1.714784,1.913003,2.190601,2.41678,2.555896,2.749119,2.937784,3.26206,3.925644,4.636118,4.731274,4.814094,
5,L,1125.0,NA,NA,NA,NA,0.0,NA,NA,NA,NA,18.518385,NA,NA,39.340103,43.867207,44.015034,
6,R,1226.4,NA,0.0,6.860358,6.925284,6.997889,7.093432,7.186362,7.264235,7.37663,7.506426,7.772866,8.056606,8.461991,9.314586,10.045113,
7,L,1319.7,NA,NA,NA,0.0,NA,NA,3.006825,3.057243,3.090843,7.506031,NA,NA,3.225971,3.255283,7.766514,
8,R,1353.2,0.0,0.489104,2.516958,3.435994,4.343594,4.821423,5.21748,5.734905,6.227359,6.308457,6.390211,6.458279,6.52247,6.575858,6.610496,
START_TIME,1596336851.0,
END_TIME,1596338231.0,
TOTAL_TIME,1379.7