BURST_NUMBER,ORIENTATION,START_TIME,Gate0,Gate1,Gate2,Gate3,Gate4,Gate5,Gate6,Gate7,Gate8,Gate9,Gate10,Gate11,Gate12,Gate13,Gate14,
1,L,596.4,0.0,0.571339,0.622866,0.687484,NA,NA,NA,NA,NA,-7.403937,1.046379,1.214854,1.545117,1.787457,1.839787,
2,R,677.1,NA,NA,NA,NA,NA,0.0,0.012152,0.053186,0.082175,0.1123,NA,NA,0.232815,0.269279,2.893563,
3,L,703.0,0.0,NA,NA,NA,NA,NA,-3.176628,1.052475,1.202925,1.296119,1.386539,1.501255,1.67984,2.077572,2.348671,
4,R,726.0,0.0,0.082811,0.238683,0.457442,0.676868,1.168258,1.329702,1.390143,1.469803,1.584538,1.732647,1.96299,2.449654,3.172626,4.188874,
5,L,768.0,NA,NA,NA,NA,NA,0.0,NA,NA,NA,NA,NA,NA,NA,NA,11.500842,
6,R,813.7,NA,0.0,NA,NA,NA,2.08421,13.692228,14.099227,14.195458,14.373686,14.608381,14.88537,15.005336,15.151836,15.283125,
7,L,864.8,0.0,1.811335,14.650773,14.697188,NA,NA,NA,NA,NA,2.470352,14.99893,15.053808,15.123338,15.222912,15.270897,
8,R,968.7,0.0,0.047005,0.805681,1.525199,1.858324,2.138806,2.250556,2.41458,2.773071,3.447196,5.974138,6.207815,6.589824,6.756176,6.836965,
9,L,1002.9,0.0,0.130381,NA,NA,0.982626,1.033841,1.110546,1.204297,1.301859,1.397871,1.529897,1.610406,1.667683,1.754247,1.785963,
START_TIME,1596338289.0,
END_TIME,1596339311.0,
TOTAL_TIME,1021.5