BURST_NUMBER,ORIENTATION,START_TIME,Gate0,Gate1,Gate2,Gate3,Gate4,Gate5,Gate6,Gate7,Gate8,Gate9,Gate10,Gate11,Gate12,Gate13,Gate14,
1,R,664.8,NA,0.0,NA,10.190448,11.26815,NA,NA,NA,NA,NA,0.150936,11.51594,11.544944,11.59313,11.61214,
2,R,741.3,0.0,NA,NA,NA,NA,NA,NA,NA,NA,NA,NA,NA,4.155024,6.378645,6.276633,
3,R,777.2,NA,NA,NA,NA,0.0,10.390077,10.516798,10.609325,10.790132,10.892038,11.1224,11.472793,11.735131,11.917391,12.059714,
4,L,838.4,0.0,0.342967,0.424378,0.470617,NA,NA,NA,NA,NA,-5.820863,0.774453,0.820311,0.868168,0.939002,0.974407,
5,R,868.5,NA,NA,NA,NA,NA,0.0,2.383414,2.531503,2.662613,3.025857,3.143679,3.778087,NA,-4.431515,6.103922,
6,L,916.3,0.0,0.13999,0.208098,NA,NA,NA,NA,NA,-6.796259,0.477996,0.530087,0.560965,0.61049,0.659549,0.675022,
7,R,963.1,NA,NA,NA,NA,NA,0.0,5.758868,5.877836,6.043444,6.158436,NA,NA,-0.76541,6.835741,7.015156,
8,L,1030.7,0.0,0.059637,0.153788,0.254823,0.341966,0.45001,0.527996,0.621964,0.744629,0.856982,0.985132,1.113666,1.259629,1.417522,1.466653,
START_TIME,1596339365.0,
END_TIME,1596340444.0,
TOTAL_TIME,1079.1