BURST_NUMBER,ORIENTATION,START_TIME,Gate0,Gate1,Gate2,Gate3,Gate4,Gate5,Gate6,Gate7,Gate8,Gate9,Gate10,Gate11,Gate12,Gate13,Gate14,
1,L,33.2,NA,NA,NA,NA,NA,NA,NA,NA,NA,0.0,NA,NA,NA,NA,11.802344,
2,R,106.0,0.0,0.021898,0.069502,0.133464,0.144386,NA,NA,0.283349,NA,NA,0.376352,0.434405,0.483364,0.52692,0.546198,
3,L,158.7,0.0,0.01328,0.066926,0.098602,0.150075,0.189812,0.238018,0.287349,0.351183,0.40219,0.485677,0.58614,0.768393,1.009458,1.353876,
4,R,190.5,NA,NA,NA,NA,NA,0.0,21.784029,21.81185,21.851245,21.900429,NA,NA,10.087918,22.09363,22.128077,
5,L,262.2,NA,NA,NA,0.0,NA,NA,NA,NA,NA,-13.878853,NA,NA,3.918622,28.409421,28.44504,
6,R,331.0,0.0,0.100441,NA,NA,NA,NA,NA,-4.983654,NA,NA,NA,-5.585181,4.345613,4.48999,4.588008,
7,L,376.7,NA,NA,NA,NA,NA,NA,NA,NA,NA,0.0,NA,NA,NA,NA,5.301434,
8,R,434.6,NA,NA,NA,NA,NA,0.0,12.594204,12.77694,13.019779,13.106898,13.183122,13.272017,13.38804,13.425574,13.457303,
9,L,495.4,0.0,NA,NA,NA,NA,NA,-11.495887,NA,NA,-9.062025,-7.149752,NA,-2.666597,NA,24.594171,
10,R,565.2,NA,NA,NA,NA,NA,0.0,1.413133,NA,1.484548,1.526013,1.565667,NA,NA,1.7465,1.766388,
START_TIME,1596341221.0,
END_TIME,1596341811.0,
TOTAL_TIME,589.7