BURST_NUMBER,ORIENTATION,START_TIME,Gate0,Gate1,Gate2,Gate3,Gate4,Gate5,Gate6,Gate7,Gate8,Gate9,Gate10,Gate11,Gate12,Gate13,Gate14,
1,L,58.5,0.0,0.109963,0.157017,0.211334,NA,NA,NA,NA,NA,-4.042455,0.429442,0.461972,NA,-13.542619,0.556874,
2,R,186.9,0.0,0.076795,NA,NA,NA,NA,NA,NA,NA,NA,0.60808,NA,NA,1.615915,1.529164,
3,L,232.6,NA,NA,NA,NA,0.0,NA,NA,NA,NA,NA,NA,NA,NA,NA,3.82521,
4,L,300.0,NA,NA,NA,NA,0.0,13.786343,13.814861,13.853409,13.887116,13.917647,13.960508,13.992177,14.02491,14.073875,14.092868,
5,R,369.3,0.0,0.718862,0.796884,0.830168,0.906856,1.032892,NA,NA,NA,NA,-0.23083,1.339736,1.433779,1.519227,1.583596,
6,L,485.1,NA,NA,NA,NA,0.0,6.200772,6.54303,6.585982,6.651556,6.712789,6.784761,6.866418,6.996048,7.229673,7.32808,
7,R,559.7,0.0,NA,NA,NA,NA,4.604171,NA,NA,NA,NA,-5.562483,9.332255,9.418169,9.485906,9.599576,
8,L,611.0,NA,NA,NA,NA,0.0,5.467011,NA,NA,5.992089,6.06345,6.141536,6.188897,6.234548,6.287449,6.302872,
START_TIME,1596347412.0,
END_TIME,1596348061.0,
TOTAL_TIME,649.5