BURST_NUMBER,ORIENTATION,START_TIME,Gate0,Gate1,Gate2,Gate3,Gate4,Gate5,Gate6,Gate7,Gate8,Gate9,Gate10,Gate11,Gate12,Gate13,Gate14,
1,R,32.7,0.0,0.005626,0.09207,0.191537,0.287938,0.360296,NA,NA,NA,NA,-14.251748,0.838301,0.958824,1.039497,1.089737,
2,L,108.6,NA,NA,NA,NA,0.0,10.527724,10.589043,10.659657,10.731495,10.829444,10.951502,11.101727,11.366235,11.663639,11.732414,
3,R,195.6,0.0,0.131088,0.583764,1.178392,1.225313,1.262215,NA,NA,NA,NA,-11.177355,1.651596,1.729,1.777116,1.81227,
4,L,265.6,NA,NA,NA,NA,0.0,15.18696,15.231832,15.273549,15.307091,15.345809,15.406061,15.46951,15.561394,15.625992,15.690213,
5,R,359.2,0.0,0.276096,2.423541,2.725829,3.011171,3.683519,NA,NA,NA,NA,-51.078714,6.187845,6.515963,6.627665,6.728078,
6,L,403.3,NA,NA,NA,NA,0.0,NA,NA,8.603307,20.822854,20.895885,20.9983,21.100173,21.204055,21.349443,21.396292,
7,R,583.9,0.0,0.018139,0.113863,0.19491,0.29358,0.420402,NA,NA,NA,NA,-8.978784,1.211362,1.316056,1.4285,1.481664,
8,L,690.1,NA,NA,NA,NA,0.0,25.484574,25.591085,25.667517,25.722142,25.796093,25.893998,26.060985,26.299661,26.429022,26.444401,
START_TIME,1596349407.0,
END_TIME,1596350145.0,
TOTAL_TIME,738.6