BURST_NUMBER,ORIENTATION,START_TIME,Gate0,Gate1,Gate2,Gate3,Gate4,Gate5,Gate6,Gate7,Gate8,Gate9,Gate10,Gate11,Gate12,Gate13,Gate14,
1,L,28.5,NA,NA,NA,NA,0.0,NA,NA,0.254403,22.985136,23.145644,23.422019,23.638572,NA,9.996433,23.781715,
2,R,94.0,0.0,0.212823,1.296496,3.42644,4.427126,4.870741,NA,NA,NA,NA,-11.771724,5.684895,5.816368,6.014132,6.091947,
3,L,138.3,NA,NA,NA,NA,0.0,11.615137,11.805149,12.342421,13.204476,13.316403,13.349244,13.39407,13.431372,13.452508,13.471407,
4,R,206.8,0.0,0.028774,0.060584,0.108043,0.194949,0.276109,NA,NA,NA,NA,-10.411665,0.752713,0.88177,1.027718,1.107317,
5,L,258.1,NA,NA,NA,NA,0.0,35.366698,35.475732,35.600426,35.742137,35.851393,36.003601,36.130693,36.315073,36.56265,36.723524,
6,R,351.1,0.0,0.398848,2.230044,2.768311,2.8232,NA,NA,NA,NA,NA,-15.894526,3.486939,3.618897,3.747107,3.827737,
7,L,459.1,NA,NA,NA,NA,0.0,3.635012,3.712934,3.751591,3.809,3.882453,3.965476,4.066946,4.18045,4.326512,4.395555,
8,R,495.0,0.0,0.094307,0.459085,1.155447,1.806741,1.870105,NA,NA,NA,NA,-7.646431,2.307789,2.437816,2.616084,2.696895,
START_TIME,1596351359.0,
END_TIME,1596351885.0,
TOTAL_TIME,525.6