BURST_NUMBER,ORIENTATION,START_TIME,Gate0,Gate1,Gate2,Gate3,Gate4,Gate5,Gate6,Gate7,Gate8,Gate9,Gate10,Gate11,Gate12,Gate13,Gate14,
1,R,110.7,0.0,0.297745,0.64828,0.711403,0.756874,0.806181,NA,NA,NA,NA,-11.829391,1.033336,1.071112,1.118563,1.153816,
2,L,297.4,NA,NA,NA,NA,0.0,21.484249,21.531241,21.587274,21.638262,21.697843,21.763614,21.825996,21.911234,21.992699,22.069576,
3,R,360.6,0.0,0.294205,2.001214,2.698908,2.92101,3.251427,NA,NA,NA,NA,-13.884384,5.332568,5.459783,5.558867,5.607954,
4,L,381.6,NA,NA,NA,NA,0.0,35.394004,35.44014,35.491086,35.533926,35.586891,35.625502,35.680613,35.741181,35.795984,35.827999,
5,R,441.0,0.0,0.11922,0.629746,1.181178,1.763551,2.560372,NA,NA,NA,NA,-1.409239,3.926848,4.103766,4.261834,4.373351,
6,L,469.0,NA,NA,NA,NA,0.0,7.06912,7.193104,7.331384,7.521522,7.770704,7.951609,8.085749,8.269096,8.507459,8.620813,
7,R,531.3,NA,NA,NA,0.0,NA,0.581241,NA,NA,NA,NA,1.900975,2.951831,2.99964,3.030402,3.049652,
8,L,553.5,NA,NA,NA,NA,0.0,9.711892,9.970435,10.130567,10.384728,10.65976,10.801422,11.028215,11.202406,11.367557,11.446894,
START_TIME,1596352758.0,
END_TIME,1596353328.0,
TOTAL_TIME,570.7