BURST_NUMBER,ORIENTATION,START_TIME,Gate0,Gate1,Gate2,Gate3,Gate4,Gate5,Gate6,Gate7,Gate8,Gate9,Gate10,Gate11,Gate12,Gate13,Gate14,
1,L,22.9,NA,NA,NA,NA,0.0,23.164341,23.2116,23.265142,23.299342,23.343996,23.374713,23.415107,23.4623,23.498147,23.517045,
2,R,73.6,NA,NA,NA,NA,NA,0.0,NA,NA,NA,NA,-0.582579,16.097819,16.179313,16.267745,16.320495,
3,R,127.2,NA,NA,NA,NA,NA,NA,NA,NA,NA,NA,0.0,NA,NA,1.512691,1.38102,
4,L,164.9,NA,NA,NA,NA,0.0,13.805645,13.861855,13.909949,NA,NA,NA,1.114838,14.155233,14.202367,14.221881,
5,R,265.1,0.0,0.010589,NA,NA,NA,NA,NA,NA,NA,NA,-0.169361,NA,NA,1.079382,1.019497,
6,L,281.4,NA,NA,NA,NA,0.0,13.678503,14.637087,14.718549,15.128859,15.527114,15.838414,16.044062,16.128582,16.182228,16.201808,
7,R,352.1,0.0,0.561242,1.183885,1.920359,2.417785,2.846477,NA,NA,NA,NA,-9.093047,3.153603,3.21019,3.258772,3.27786,
8,L,419.7,NA,NA,NA,NA,0.0,NA,NA,NA,NA,NA,NA,NA,NA,6.953931,7.044823,
9,R,446.1,0.0,0.042311,0.422623,0.771007,1.058253,1.635469,NA,NA,NA,NA,-6.74803,2.943101,2.996804,3.051223,3.083021,
START_TIME,1596354283.0,
END_TIME,1596354747.0,
TOTAL_TIME,464.6