BURST_NUMBER,ORIENTATION,START_TIME,Gate0,Gate1,Gate2,Gate3,Gate4,Gate5,Gate6,Gate7,Gate8,Gate9,Gate10,Gate11,Gate12,Gate13,Gate14,
1,R,29.8,NA,NA,NA,NA,NA,NA,NA,NA,NA,NA,0.0,NA,NA,NA,15.705694,
2,L,116.1,NA,NA,NA,NA,0.0,20.888437,21.062372,21.171778,21.317604,21.432684,21.497939,21.543493,21.625044,21.700877,21.732854,
3,R,204.4,NA,0.0,NA,NA,0.10316,NA,NA,NA,NA,NA,-8.541892,-2.585674,NA,-2.739806,0.528829,
4,L,216.3,NA,NA,NA,NA,0.0,NA,NA,2.536297,NA,NA,4.60545,37.151569,37.198565,37.251234,37.266656,
5,L,296.3,NA,NA,NA,NA,0.0,4.853636,NA,NA,NA,NA,5.803645,NA,NA,NA,18.866181,
6,L,429.8,NA,NA,NA,NA,0.0,30.072736,NA,NA,NA,NA,6.523172,NA,NA,NA,34.420628,
7,R,499.1,0.0,0.08492,3.383291,3.602754,3.942566,4.591861,NA,NA,NA,NA,-11.945692,11.650324,11.897246,NA,12.314583,
8,R,571.8,0.0,0.040881,0.375853,0.585059,0.780947,0.995792,NA,NA,NA,NA,-19.040255,3.160582,3.307864,3.684566,4.122931,
9,L,636.4,NA,NA,NA,NA,0.0,13.064814,13.22958,13.421378,13.692254,14.093381,14.650619,22.181665,40.655318,40.741104,40.792568,
10,L,722.7,NA,NA,NA,NA,0.0,14.031628,14.30209,14.659556,19.579322,19.849461,20.335762,20.690072,20.864865,21.014519,21.064233,
11,R,798.0,0.0,0.888901,0.984139,1.214188,NA,1.335698,NA,NA,NA,NA,-23.974267,2.125621,2.221762,2.360076,2.420519,
12,L,862.5,NA,NA,NA,NA,0.0,12.222529,12.375421,12.447341,12.610649,12.766441,12.925603,13.073465,13.234993,13.461389,13.439937,
START_TIME,1596355755.0,
END_TIME,1596356645.0,
TOTAL_TIME,890.1