BURST_NUMBER,ORIENTATION,START_TIME,Gate0,Gate1,Gate2,Gate3,Gate4,Gate5,Gate6,Gate7,Gate8,Gate9,Gate10,Gate11,Gate12,Gate13,Gate14,
1,R,113.2,NA,0.0,0.422006,1.018715,1.648029,2.554084,NA,NA,NA,NA,-3.415051,4.825128,5.317424,5.967962,18.011681,
2,L,146.2,NA,NA,NA,NA,0.0,16.061457,16.154914,16.219925,16.295937,16.381313,16.549252,16.886184,NA,4.510224,19.440756,
3,R,223.5,0.0,4.645985,5.542987,6.242502,6.301897,6.348641,NA,NA,NA,NA,-8.679985,6.936314,NA,11.552029,11.635375,
4,R,291.4,0.0,0.423053,0.948231,1.878517,2.058655,2.605827,NA,NA,NA,NA,-11.240395,5.586937,5.730739,5.92517,6.088718,
5,L,314.7,NA,NA,NA,NA,0.0,NA,20.355136,20.443628,NA,20.839721,21.168578,22.022774,NA,17.502302,22.431055,
6,R,405.5,0.0,0.015507,0.535102,0.649938,1.177161,1.747423,NA,NA,NA,NA,-3.567648,3.160949,3.426109,4.524447,13.747729,
7,L,446.6,NA,NA,NA,NA,0.0,NA,NA,NA,NA,5.408452,20.728725,21.301541,21.645532,22.485675,34.066571,
8,R,504.4,NA,0.0,0.055859,0.168043,NA,NA,NA,NA,NA,NA,-9.171213,NA,NA,NA,-0.044599,
9,L,557.2,NA,NA,NA,NA,0.0,5.693275,5.771911,5.844026,5.913819,6.00086,6.064277,6.145015,6.262562,6.315074,7.868487,
START_TIME,1596357268.0,
END_TIME,1596357873.0,
TOTAL_TIME,605.0