BURST_NUMBER,ORIENTATION,START_TIME,Gate0,Gate1,Gate2,Gate3,Gate4,Gate5,Gate6,Gate7,Gate8,Gate9,Gate10,Gate11,Gate12,Gate13,Gate14,
1,R,68.7,0.0,0.01946,0.059992,0.105174,0.154462,0.217735,NA,NA,NA,NA,-18.001399,0.759129,1.079627,1.280977,1.461156,
2,L,183.3,NA,NA,NA,NA,0.0,NA,8.276419,8.367712,8.400406,8.479938,8.579847,8.694614,8.857136,9.003334,9.068429,
3,R,255.5,0.0,0.153182,0.937241,2.319347,2.607856,2.867063,NA,NA,NA,NA,-6.429052,4.125816,4.930731,5.453259,6.029588,
4,L,308.4,NA,NA,NA,NA,0.0,17.07645,NA,NA,NA,NA,27.084147,NA,30.844933,31.019799,31.088149,
5,R,408.3,0.0,NA,0.354118,0.468217,0.511512,0.587637,NA,NA,NA,NA,-32.395414,1.220588,1.368441,1.499797,1.577712,
6,L,469.3,NA,NA,NA,NA,0.0,9.142984,9.841385,9.920852,9.988096,10.035173,10.069725,NA,NA,NA,10.232555,
7,R,553.3,0.0,0.0923,0.310998,0.487198,0.706247,1.02934,NA,NA,NA,NA,-18.711455,2.093573,2.125641,2.141203,2.156454,
8,L,584.6,NA,NA,NA,NA,0.0,23.638557,23.836046,NA,24.409478,NA,NA,NA,NA,NA,27.462429,
START_TIME,1596358737.0,
END_TIME,1596359358.0,
TOTAL_TIME,620.1