BURST_NUMBER,ORIENTATION,START_TIME,Gate0,Gate1,Gate2,Gate3,Gate4,Gate5,Gate6,Gate7,Gate8,Gate9,Gate10,Gate11,Gate12,Gate13,Gate14,
1,L,167.8,NA,NA,NA,NA,0.0,33.250243,33.36374,33.524887,33.717978,33.874698,34.018729,34.147512,34.257319,34.385348,34.454113,
2,R,263.3,NA,NA,NA,NA,NA,NA,NA,NA,NA,NA,0.0,NA,NA,1.782279,1.667998,
3,L,301.7,NA,NA,NA,NA,0.0,10.348512,10.398984,10.445109,10.516383,10.572064,10.634734,10.699224,NA,7.536991,10.898153,
4,R,399.3,0.0,5.560652,6.346512,7.116908,7.200131,7.251018,NA,NA,NA,NA,-14.05003,7.582426,7.665262,7.742661,7.790624,
5,L,456.8,NA,NA,NA,NA,0.0,7.665701,7.743211,7.816784,7.869627,7.945694,8.007098,8.10242,8.188798,8.258049,8.321444,
6,R,572.2,0.0,0.276112,0.660606,1.009164,1.467341,1.924328,NA,NA,NA,NA,-14.232275,2.580847,2.612519,2.667625,2.702748,
7,L,646.6,NA,NA,NA,NA,0.0,6.85919,6.934602,6.988972,7.133167,7.210076,7.268022,7.368524,7.480938,7.62613,7.69434,
8,R,692.7,0.0,0.082924,0.303309,0.780279,1.395394,1.720087,NA,NA,NA,NA,-1.184956,3.206353,3.45766,3.865138,4.080705,
START_TIME,1596360002.0,
END_TIME,1596360704.0,
TOTAL_TIME,701.8