BURST_NUMBER,ORIENTATION,START_TIME,Gate0,Gate1,Gate2,Gate3,Gate4,Gate5,Gate6,Gate7,Gate8,Gate9,Gate10,Gate11,Gate12,Gate13,Gate14,
1,L,70.1,NA,NA,NA,NA,0.0,21.167865,21.247123,21.295683,21.364949,21.424849,21.49448,21.542295,21.638773,21.733954,21.782048,
2,R,150.0,0.0,-0.005362,0.035682,0.113453,0.221631,0.456357,NA,NA,NA,NA,-4.87381,1.19619,1.294567,1.430383,1.560472,
3,L,191.5,NA,NA,NA,NA,0.0,7.286113,7.445953,7.65754,7.774404,7.838224,8.044042,8.560486,9.568503,10.852663,10.983081,
4,R,265.9,NA,NA,NA,NA,NA,NA,NA,NA,NA,NA,0.0,0.222213,0.281847,0.360634,0.416701,
5,L,281.3,NA,NA,NA,NA,0.0,11.496407,11.534752,11.574709,11.633547,11.686128,11.75006,11.829114,11.974733,12.076504,12.155244,
6,R,354.2,0.0,0.067914,0.486312,1.565105,3.358264,3.450473,NA,NA,NA,NA,-8.435053,3.816695,3.919361,4.030161,4.093493,
7,L,416.7,NA,NA,NA,NA,0.0,17.987891,18.055251,18.154016,18.268888,18.475578,18.810103,19.391818,NA,7.052472,21.702149,
8,R,517.6,0.0,0.028382,0.176267,0.342067,0.731056,0.87461,NA,NA,NA,NA,-12.408157,1.73261,1.860474,1.991306,10.536878,
START_TIME,1596361610.0,
END_TIME,1596362209.0,
TOTAL_TIME,599.8