BURST_NUMBER,ORIENTATION,START_TIME,Gate0,Gate1,Gate2,Gate3,Gate4,Gate5,Gate6,Gate7,Gate8,Gate9,Gate10,Gate11,Gate12,Gate13,Gate14,
1,R,554.2,0.0,0.371053,2.011416,2.06026,2.123032,2.203934,NA,NA,NA,NA,-18.156331,3.10502,3.273481,3.520697,3.667105,
2,L,623.4,NA,NA,NA,NA,0.0,24.989137,25.127006,25.202383,25.241793,25.280989,25.333456,25.395038,25.432915,25.497197,25.514865,
3,R,734.9,0.0,0.118058,0.474959,0.674664,0.787427,0.897715,NA,NA,NA,NA,-10.016994,2.383933,3.266323,3.530356,3.638795,
4,L,812.7,NA,NA,NA,NA,0.0,6.549578,6.592143,NA,NA,NA,NA,6.961511,7.081885,7.212599,7.281323,
5,R,852.4,0.0,0.060488,0.306587,0.64078,1.233487,5.086981,NA,NA,NA,NA,-4.517284,6.140582,6.384473,6.531434,6.648463,
6,L,905.8,NA,NA,NA,NA,0.0,3.982248,4.143468,4.352074,4.540035,4.921915,5.055077,5.418291,5.498122,5.618905,5.699698,
7,R,994.3,0.0,0.098129,0.341752,0.659665,1.133723,1.189105,NA,NA,NA,NA,-3.45082,1.583627,1.633446,1.708535,1.756392,
8,L,1041.9,NA,NA,NA,NA,0.0,4.365136,4.534143,4.787234,4.891119,5.078738,5.331671,5.558307,5.625496,5.867568,5.968721,
9,R,1074.1,0.0,NA,0.109925,0.185133,0.246465,NA,NA,NA,NA,NA,-4.873709,0.73848,0.860011,1.022856,1.171361,
START_TIME,1596362321.0,
END_TIME,1596363432.0,
TOTAL_TIME,1111.4