BURST_NUMBER,ORIENTATION,START_TIME,Gate0,Gate1,Gate2,Gate3,Gate4,Gate5,Gate6,Gate7,Gate8,Gate9,Gate10,Gate11,Gate12,Gate13,Gate14,
1,L,18.4,NA,NA,NA,NA,0.0,28.921631,28.968028,28.990612,29.025126,29.057709,29.103123,29.14384,29.192367,29.240603,29.26807,
2,R,97.3,0.0,0.175439,0.772844,2.036554,2.371954,2.431861,NA,NA,NA,NA,-11.613129,2.75952,2.84666,2.928664,2.959123,
3,L,172.9,NA,NA,NA,NA,0.0,7.960053,8.090527,8.345995,8.704817,9.299582,9.37046,9.45886,9.641537,9.7426,9.777795,
4,R,239.7,0.0,0.021502,0.096081,0.140389,0.1777,0.205218,NA,NA,NA,NA,-8.461155,0.464133,0.501664,0.568121,0.599876,
5,L,287.1,NA,NA,NA,NA,0.0,7.634729,7.918972,7.977839,8.03695,8.086691,8.132253,8.165351,8.225448,8.256701,8.275665,
6,R,403.4,0.0,0.089783,0.255182,0.415079,0.641747,0.935233,NA,NA,NA,NA,-5.080651,4.150665,4.31546,4.531711,4.723968,
7,L,444.8,NA,NA,NA,NA,0.0,NA,NA,NA,25.204783,25.278763,25.276124,25.340932,25.411542,25.504303,25.556015,
8,R,557.8,0.0,0.130861,0.38354,0.526809,0.744956,1.022966,NA,NA,NA,NA,-17.345808,2.053507,2.091597,2.140427,2.170397,
START_TIME,1596364406.0,
END_TIME,1596364976.0,
TOTAL_TIME,570.4