BURST_NUMBER,ORIENTATION,START_TIME,Gate0,Gate1,Gate2,Gate3,Gate4,Gate5,Gate6,Gate7,Gate8,Gate9,Gate10,Gate11,Gate12,Gate13,Gate14,
1,L,63.2,NA,NA,NA,NA,0.0,16.626297,16.663464,16.708518,16.736275,16.783405,NA,NA,16.928838,16.965793,16.98516,
2,R,126.2,0.0,0.255696,1.314005,1.357435,1.389335,1.429249,NA,NA,NA,NA,-10.105554,1.665953,1.715331,1.763502,1.779008,
3,L,158.4,NA,NA,NA,NA,0.0,32.106949,32.15072,32.173296,32.219532,32.250738,32.301962,32.360342,32.420745,32.483132,32.514471,
4,R,232.5,0.0,0.063283,0.231978,0.362845,0.487276,0.615831,NA,NA,NA,NA,-21.8533,2.002759,2.706939,3.572843,3.767927,
5,L,269.8,NA,NA,NA,NA,0.0,22.082798,22.113679,22.156456,22.219124,22.26316,22.31353,22.357113,22.424736,22.555542,22.587202,
6,R,374.6,0.0,5.412708,5.96251,6.082933,6.137039,6.173587,NA,NA,NA,NA,-15.883389,6.455143,6.520503,6.606965,6.637767,
7,L,490.3,NA,NA,NA,NA,NA,NA,NA,NA,NA,0.0,NA,NA,0.146827,0.202812,0.22467,
8,R,535.0,0.0,0.399351,1.857073,2.365897,2.981373,3.115669,NA,NA,NA,NA,-18.462723,3.433551,3.49863,3.551358,3.586995,
START_TIME,1596365871.0,
END_TIME,1596366439.0,
TOTAL_TIME,568.2