BURST_NUMBER,ORIENTATION,START_TIME,Gate0,Gate1,Gate2,Gate3,Gate4,Gate5,Gate6,Gate7,Gate8,Gate9,Gate10,Gate11,Gate12,Gate13,Gate14,
1,R,33.8,0.0,0.163121,1.005754,1.978861,2.046941,2.163488,NA,NA,NA,NA,1.319931,4.771459,6.380598,7.240502,7.500529,
2,L,72.6,NA,NA,NA,NA,0.0,NA,NA,NA,NA,NA,NA,35.606604,35.675096,35.736339,35.771739,
3,L,161.3,NA,NA,NA,NA,0.0,NA,NA,NA,NA,NA,NA,NA,2.532973,2.618902,2.573057,
4,L,182.7,NA,NA,NA,NA,0.0,NA,20.198903,NA,20.28053,20.344015,20.422011,20.519369,20.599752,20.789059,20.922685,
5,R,272.8,0.0,0.778986,0.916414,1.108672,1.307928,1.480207,NA,NA,NA,NA,-21.327164,2.654895,2.967228,3.50629,3.80024,
6,L,293.9,NA,NA,NA,NA,0.0,16.1023,16.229668,16.339703,16.464606,16.56854,16.658945,16.788306,16.924571,17.144074,17.29086,
7,R,365.3,0.0,0.022255,0.085871,0.256299,0.333259,0.440898,NA,NA,NA,NA,-4.617708,1.346116,1.526188,1.66168,1.757449,
8,L,407.7,NA,NA,NA,NA,0.0,7.800115,7.855493,7.911947,8.03933,8.151294,8.259708,8.417273,8.590877,8.739217,8.788069,
9,R,453.2,0.0,NA,0.459687,0.522908,0.569896,0.633287,NA,NA,NA,NA,-6.946213,1.089817,1.193792,1.304979,1.357147,
START_TIME,1596367279.0,
END_TIME,1596367749.0,
TOTAL_TIME,470.6