BURST_NUMBER,ORIENTATION,START_TIME,Gate0,Gate1,Gate2,Gate3,Gate4,Gate5,Gate6,Gate7,Gate8,Gate9,Gate10,Gate11,Gate12,Gate13,Gate14,
1,L,540.8,NA,NA,NA,NA,0.0,18.0344,18.10961,18.194213,18.33908,18.559819,18.687375,18.818672,19.049496,19.443312,19.670668,
2,R,615.0,0.0,0.067487,0.265207,0.554173,1.102244,1.833108,2.358871,NA,NA,NA,2.741795,2.985702,3.070505,3.1201,3.151861,
3,L,700.2,NA,NA,NA,NA,0.0,15.533144,15.569478,15.693689,15.911716,16.159963,16.399207,16.680112,16.905525,17.326974,17.670964,
4,R,791.7,0.0,0.195608,0.824423,1.181528,1.875738,1.928622,NA,NA,NA,NA,-23.005304,2.141035,2.174724,2.22175,2.269826,
5,L,836.8,NA,NA,NA,NA,0.0,33.256852,33.41562,33.59215,33.73048,33.880883,34.125175,34.541116,35.409335,36.79443,37.067816,
6,R,942.7,0.0,0.046286,0.248259,0.359265,0.52707,0.76494,NA,NA,NA,NA,-14.032367,1.727975,1.745727,1.776986,1.792412,
7,L,989.2,NA,NA,NA,NA,0.0,NA,NA,0.346275,0.381395,0.428292,0.477353,0.533843,0.579995,0.662684,0.695991,
8,R,1013.5,0.0,0.170106,0.796233,1.181574,1.366877,1.497389,NA,NA,NA,NA,-6.062461,2.562622,2.757672,2.936377,3.081474,
9,L,1033.8,NA,NA,NA,NA,0.0,12.89627,12.953809,13.011975,13.093014,13.175856,13.276406,13.385086,13.498507,13.646554,13.682807,
START_TIME,1596369249.0,
END_TIME,1596370309.0,
TOTAL_TIME,1060.1