BURST_NUMBER,ORIENTATION,START_TIME,Gate0,Gate1,Gate2,Gate3,Gate4,Gate5,Gate6,Gate7,Gate8,Gate9,Gate10,Gate11,Gate12,Gate13,Gate14,
1,L,939.1,NA,NA,NA,NA,0.0,20.262265,20.517332,20.952313,21.315129,21.502244,NA,NA,2.591704,23.652027,23.796449,
2,R,1077.1,0.0,0.18644,1.614287,2.439059,2.50505,2.552963,NA,NA,NA,NA,-15.045825,NA,2.897916,2.95734,2.989046,
3,L,1130.9,NA,NA,NA,NA,0.0,7.732773,7.923366,8.152997,8.229175,8.428558,8.642094,NA,8.802781,8.849807,8.881402,
4,R,1241.0,0.0,0.181084,0.421045,0.500978,0.6067,0.752008,NA,NA,NA,NA,-13.308006,2.252299,2.538713,2.711962,2.907439,
5,L,1292.4,NA,NA,NA,NA,0.0,19.292838,19.352107,19.376393,19.431199,19.48102,19.529406,19.577285,19.642429,19.693608,19.712915,
6,R,1437.0,0.0,0.085205,0.367129,0.72071,1.339336,1.68838,NA,NA,NA,NA,-9.703449,2.296471,2.337338,2.369659,2.38499,
7,L,1500.3,NA,NA,NA,NA,0.0,6.422905,6.696501,7.065841,7.060123,7.291021,7.494135,NA,7.758415,7.968851,8.038427,
8,R,1570.3,NA,NA,NA,0.0,5.663651,5.708388,NA,NA,NA,NA,-0.063122,5.958034,6.005535,6.052595,6.088155,
START_TIME,1596373502.0,
END_TIME,1596375097.0,
TOTAL_TIME,1594.7