BURST_NUMBER,ORIENTATION,START_TIME,Gate0,Gate1,Gate2,Gate3,Gate4,Gate5,Gate6,Gate7,Gate8,Gate9,Gate10,Gate11,Gate12,Gate13,Gate14,
1,L,75.8,NA,NA,NA,NA,0.0,22.587603,22.711459,22.815607,22.923739,23.020935,23.168099,23.330806,23.576709,23.945987,24.15464,
2,R,198.0,0.0,0.129087,0.85332,1.390159,1.430751,1.48892,NA,NA,NA,NA,-4.374312,2.457864,3.074864,4.016788,4.182672,
3,L,242.5,NA,NA,NA,NA,0.0,14.048449,14.185087,14.389266,14.581615,14.807242,15.022208,15.252731,15.502273,15.908474,16.168842,
4,R,302.7,0.0,0.210836,1.189037,2.112829,2.228933,2.287409,NA,NA,NA,NA,-3.720003,2.769983,2.866064,2.971332,3.021113,
5,L,386.6,NA,NA,NA,NA,0.0,12.004385,12.06615,12.145056,12.225695,12.285996,12.381562,12.50312,12.587744,12.705513,12.773136,
6,R,481.8,0.0,0.15754,0.846456,5.557796,5.682601,6.073219,NA,NA,NA,NA,-8.227482,6.397011,6.457783,6.472316,6.507619,
7,L,682.7,NA,NA,NA,NA,0.0,9.446706,9.507883,9.550686,9.614028,9.684956,9.768425,9.839882,9.950722,10.084356,10.180803,
8,R,839.5,NA,NA,NA,NA,NA,0.0,NA,NA,NA,NA,-3.081231,13.728371,13.926953,14.204854,14.373858,
START_TIME,1596375827.0,
END_TIME,1596376688.0,
TOTAL_TIME,861.2