BURST_NUMBER,ORIENTATION,START_TIME,Gate0,Gate1,Gate2,Gate3,Gate4,Gate5,Gate6,Gate7,Gate8,Gate9,Gate10,Gate11,Gate12,Gate13,Gate14,
1,L,23.6,NA,0.0,NA,NA,-0.0339,17.69248,17.798793,17.954258,18.023817,18.068999,NA,NA,2.864863,18.302237,18.337891,
2,R,113.9,NA,NA,0.0,17.224974,17.269825,17.310175,NA,NA,NA,NA,-0.325727,17.49883,17.53248,17.576206,17.595343,
3,R,292.2,0.0,0.022652,NA,NA,NA,NA,NA,NA,NA,NA,-2.255334,NA,NA,0.998123,0.952591,
4,L,315.1,NA,NA,NA,NA,0.0,NA,NA,-0.041935,NA,NA,NA,13.705168,23.198981,23.235465,23.254668,
5,R,453.7,0.0,0.303806,0.375926,0.438613,0.470187,0.499007,NA,NA,NA,NA,-5.41704,0.714076,0.747665,0.778361,0.797219,
6,L,553.7,NA,NA,NA,NA,0.0,18.280755,23.336722,23.36404,23.396089,23.437134,23.473099,23.502726,23.536371,23.580387,23.613548,
7,R,691.3,0.0,0.016185,0.074281,0.123572,0.154317,0.187864,NA,NA,NA,NA,-4.080285,-2.041498,0.41153,0.442952,0.478049,
8,L,775.6,NA,NA,NA,NA,0.0,NA,NA,NA,1.416778,7.730494,7.764511,7.797117,NA,2.951297,7.908249,
START_TIME,1596379165.0,
END_TIME,1596379977.0,
TOTAL_TIME,812.9