BURST_NUMBER,ORIENTATION,START_TIME,Gate0,Gate1,Gate2,Gate3,Gate4,Gate5,Gate6,Gate7,Gate8,Gate9,Gate10,Gate11,Gate12,Gate13,Gate14,
1,L,415.9,NA,NA,NA,NA,0.0,9.541284,9.67114,9.795704,9.858891,9.940131,10.046789,10.234218,10.528286,11.369235,11.617281,
2,R,469.5,NA,NA,NA,NA,NA,0.0,NA,NA,NA,NA,-0.311801,14.675261,14.736058,14.799679,14.818671,
3,L,529.7,NA,NA,NA,NA,0.0,14.303823,14.366529,14.38574,14.419735,14.470035,14.483329,14.531841,14.569741,14.615791,14.635444,
4,L,611.3,NA,NA,NA,NA,0.0,16.04475,16.421775,16.562909,16.709344,16.812174,16.880527,16.991299,17.117526,17.197982,17.217149,
5,R,694.8,NA,NA,NA,NA,NA,NA,NA,NA,NA,NA,0.0,NA,NA,NA,2.128171,
6,L,710.1,NA,NA,NA,NA,0.0,28.890638,29.029396,29.23822,NA,NA,NA,10.47128,32.015881,32.179306,32.243724,
7,R,766.3,0.0,0.309334,0.387872,0.437598,0.470307,0.499536,NA,NA,NA,NA,-13.12802,0.754241,0.807649,0.893126,0.924867,
8,L,805.3,NA,NA,NA,NA,0.0,NA,NA,NA,NA,NA,NA,NA,NA,NA,2.769474,
START_TIME,1596380204.0,
END_TIME,1596381017.0,
TOTAL_TIME,812.7