BURST_NUMBER,ORIENTATION,START_TIME,Gate0,Gate1,Gate2,Gate3,Gate4,Gate5,Gate6,Gate7,Gate8,Gate9,Gate10,Gate11,Gate12,Gate13,Gate14,
1,L,38.3,NA,NA,NA,NA,0.0,NA,NA,NA,15.033801,15.100414,15.197552,15.347626,15.497518,15.641621,15.709647,
2,R,97.1,0.0,2.257131,2.769535,2.821623,2.870008,2.901679,NA,NA,NA,NA,-4.728092,3.137934,3.173976,3.204706,3.241793,
3,L,122.7,NA,NA,NA,NA,0.0,17.903041,18.160553,18.551613,18.72598,19.18457,19.458972,19.734378,19.856909,20.072538,20.151357,
4,R,164.8,0.0,0.506288,1.596861,1.631577,1.703378,1.767713,NA,NA,NA,NA,-7.048816,2.103354,2.178657,2.231456,2.279515,
5,L,205.4,NA,NA,NA,NA,0.0,7.102447,7.167026,7.200198,7.237589,7.283892,7.330527,7.376971,7.429147,7.478235,7.51346,
6,R,245.6,0.0,0.049058,0.138055,0.190568,0.221436,0.267666,NA,NA,NA,NA,-11.488513,0.562701,0.593461,0.642528,0.670786,
7,L,287.7,NA,NA,NA,NA,0.0,NA,NA,NA,NA,NA,NA,NA,NA,0.136477,0.163209,
8,R,307.4,NA,NA,NA,0.0,2.181784,2.404606,NA,NA,NA,NA,-6.450995,3.708971,3.850963,3.997053,4.128477,
START_TIME,1596381959.0,
END_TIME,1596382280.0,
TOTAL_TIME,321.2