BURST_NUMBER,ORIENTATION,START_TIME,Gate0,Gate1,Gate2,Gate3,Gate4,Gate5,Gate6,Gate7,Gate8,Gate9,Gate10,Gate11,Gate12,Gate13,Gate14,
1,R,103.7,0.0,0.112329,0.318059,0.468477,0.586231,0.703275,NA,NA,NA,NA,-12.144278,1.730934,1.843906,2.005542,2.122136,
2,L,143.1,NA,NA,NA,NA,0.0,NA,NA,NA,4.991007,33.220233,NA,NA,7.263688,34.261205,34.774298,
3,R,205.7,0.0,0.134395,0.724276,2.193553,2.600849,2.811362,NA,NA,NA,NA,-7.504157,3.677494,3.964654,4.146547,4.293351,
4,L,330.1,NA,NA,NA,NA,0.0,10.241758,10.43895,10.611836,10.772256,10.88381,10.995882,11.127159,11.288624,11.549304,11.710348,
5,R,373.5,0.0,0.123273,0.217593,NA,NA,NA,NA,NA,NA,NA,-9.59906,1.075344,1.220164,1.350591,1.414997,
6,L,423.4,NA,NA,NA,NA,0.0,4.79998,4.843617,4.889101,4.927677,4.958417,4.994201,5.020998,5.052699,5.080043,5.09953,
7,R,468.5,0.0,0.017474,0.268817,0.53618,0.940054,1.964746,NA,NA,NA,NA,-4.959346,2.969492,3.002602,3.033841,3.053242,
8,L,496.9,NA,NA,NA,NA,0.0,NA,9.005591,NA,9.178215,9.232287,9.273085,NA,9.887844,13.801108,13.720873,
START_TIME,1596383032.0,
END_TIME,1596383692.0,
TOTAL_TIME,659.2