BURST_NUMBER,ORIENTATION,START_TIME,Gate0,Gate1,Gate2,Gate3,Gate4,Gate5,Gate6,Gate7,Gate8,Gate9,Gate10,Gate11,Gate12,Gate13,Gate14,
1,L,16.5,NA,NA,NA,NA,0.0,NA,NA,NA,24.943801,25.042476,25.152838,25.240292,25.304628,25.415808,25.450837,
2,L,201.9,NA,NA,NA,NA,0.0,6.80683,6.850433,6.90476,6.958966,7.027166,7.083679,7.166847,7.264451,7.393688,7.456839,
3,R,246.8,0.0,NA,NA,NA,0.045319,12.187838,NA,NA,NA,NA,-11.552243,8.676828,NA,13.374444,13.504754,
4,L,290.6,NA,NA,NA,NA,0.0,NA,NA,NA,NA,NA,NA,NA,NA,NA,9.107194,
5,R,335.6,0.0,0.184948,0.371831,0.461847,0.577627,0.654909,NA,NA,NA,NA,-3.184327,1.247349,1.377359,1.523609,1.603045,
6,L,370.5,NA,NA,NA,NA,0.0,6.93898,7.016904,7.14508,7.28863,NA,NA,NA,8.335216,8.717669,8.815434,
7,R,433.9,NA,NA,NA,NA,NA,NA,NA,NA,NA,NA,0.0,NA,NA,NA,0.946928,
8,L,463.3,NA,NA,NA,NA,0.0,NA,NA,NA,NA,NA,NA,NA,NA,2.208462,5.855695,
START_TIME,1596384267.0,
END_TIME,1596384774.0,
TOTAL_TIME,506.6