BURST_NUMBER,ORIENTATION,START_TIME,Gate0,Gate1,Gate2,Gate3,Gate4,Gate5,Gate6,Gate7,Gate8,Gate9,Gate10,Gate11,Gate12,Gate13,Gate14,
1,R,36.8,NA,NA,0.0,14.371924,14.493553,14.633724,NA,NA,NA,NA,-10.477906,15.522758,15.624741,15.854623,16.052102,
2,L,138.2,NA,NA,NA,NA,0.0,9.6566,9.877353,10.078685,10.290742,10.624821,10.944763,11.300179,11.623358,11.897909,11.977233,
3,L,216.0,NA,NA,NA,NA,0.0,NA,NA,NA,NA,NA,NA,NA,NA,2.686073,2.651172,
4,R,271.6,0.0,0.131527,0.594132,1.002678,1.756283,2.124856,NA,NA,NA,NA,-5.112877,2.815783,2.905752,3.053725,3.154387,
5,L,354.7,NA,NA,NA,NA,0.0,5.952043,6.059009,6.193124,6.308989,6.529993,6.676916,6.79803,7.054876,7.282772,7.395158,
6,R,429.5,NA,NA,0.0,NA,NA,NA,NA,NA,NA,NA,-8.269837,NA,NA,NA,5.387979,
7,L,458.8,NA,NA,NA,NA,0.0,9.17054,NA,NA,NA,NA,NA,NA,NA,19.125944,19.08437,
8,R,522.6,NA,0.0,NA,NA,NA,NA,NA,NA,NA,NA,-10.298491,NA,NA,NA,3.624145,
START_TIME,1596385481.0,
END_TIME,1596386065.0,
TOTAL_TIME,583.8