BURST_NUMBER,ORIENTATION,START_TIME,Gate0,Gate1,Gate2,Gate3,Gate4,Gate5,Gate6,Gate7,Gate8,Gate9,Gate10,Gate11,Gate12,Gate13,Gate14,
1,R,26.1,0.0,0.323088,0.383863,0.429861,0.489072,0.585017,NA,NA,NA,NA,-19.458982,0.96235,1.039416,1.120073,1.16941,
2,L,45.1,NA,NA,NA,NA,0.0,NA,NA,NA,6.66259,6.711395,6.758822,6.812525,NA,1.18953,6.96177,
3,R,80.2,NA,NA,NA,NA,0.0,10.37422,NA,NA,NA,NA,-2.21675,NA,4.508681,10.812131,10.844814,
4,L,122.3,NA,NA,NA,NA,0.0,NA,NA,NA,NA,1.97531,9.84261,10.179571,10.574758,11.102042,11.3101,
5,R,168.7,NA,NA,NA,0.0,8.324486,8.388957,NA,NA,NA,NA,-9.931886,8.730027,NA,0.500777,8.894714,
6,R,295.8,0.0,0.074664,0.269091,0.483717,0.847429,12.359853,NA,NA,NA,NA,-4.109799,NA,2.598869,13.096971,13.1449,
7,L,360.1,NA,NA,NA,NA,0.0,26.625875,26.732356,26.847902,26.939766,27.057519,27.13608,27.208005,27.289381,27.411643,27.428067,
8,R,417.2,0.0,0.059306,0.310464,0.722797,1.431523,1.814614,NA,NA,NA,NA,0.568178,3.633602,3.78242,3.927833,3.99275,
START_TIME,1596387549.0,
END_TIME,1596387973.0,
TOTAL_TIME,424.3