BURST_NUMBER,ORIENTATION,START_TIME,Gate0,Gate1,Gate2,Gate3,Gate4,Gate5,Gate6,Gate7,Gate8,Gate9,Gate10,Gate11,Gate12,Gate13,Gate14,
1,L,305.7,NA,NA,NA,NA,0.0,12.903221,12.926921,12.966158,13.000244,13.040962,13.087424,13.125361,13.159481,13.206793,13.22562,
2,R,390.2,0.0,0.537712,1.014832,1.198889,1.343921,1.634968,NA,NA,NA,NA,-15.773544,4.791057,5.95617,6.15216,6.265739,
3,L,478.4,NA,NA,NA,NA,0.0,13.281106,13.354005,13.411621,13.478218,13.563883,13.657149,13.755845,13.852645,13.966018,14.039288,
4,R,592.2,0.0,0.653785,2.107691,2.182985,2.22313,2.291468,NA,NA,NA,NA,-22.108497,2.666686,2.731193,2.796516,2.864875,
5,L,667.0,NA,NA,NA,NA,0.0,14.520317,14.572562,14.626433,14.680432,14.752969,14.819449,14.885433,14.951078,15.015223,15.063461,
6,R,709.0,0.0,0.078033,0.23206,NA,NA,0.419632,NA,NA,NA,NA,-7.423617,0.754478,0.818897,0.906514,0.93935,
7,L,760.6,NA,NA,NA,NA,0.0,8.527126,8.688451,8.897246,9.116808,9.316111,9.603464,10.28783,10.56352,10.778247,10.873739,
8,R,801.2,0.0,0.007773,0.122226,0.215607,0.328513,0.398515,NA,NA,NA,NA,-9.916988,2.083285,2.459505,2.940936,3.190797,
START_TIME,1596388666.0,
END_TIME,1596389484.0,
TOTAL_TIME,818.0