BURST_NUMBER,ORIENTATION,START_TIME,Gate0,Gate1,Gate2,Gate3,Gate4,Gate5,Gate6,Gate7,Gate8,Gate9,Gate10,Gate11,Gate12,Gate13,
1,L,59.1,0.0,0.060597,0.234879,0.466433,0.619742,0.790738,0.955386,1.31569,1.442692,1.558648,1.679553,1.836396,2.016053,2.129577,
2,R,79.7,NA,NA,NA,NA,NA,NA,NA,NA,NA,NA,NA,NA,NA,0.0,
3,L,111.2,NA,0.0,8.601383,8.806667,8.939443,NA,9.25133,9.501261,9.719124,9.860851,10.025103,10.306721,10.651197,10.76961,
4,R,219.5,0.0,0.048432,0.429941,1.05831,2.094712,2.144992,2.197819,2.271645,2.304902,2.342131,2.39007,NA,-12.343622,7.870529,
5,L,324.6,0.0,0.049409,0.108542,0.201605,0.289969,0.384683,0.458419,0.643691,0.738777,0.822817,0.900545,1.000299,1.132896,1.148307,
6,R,349.1,0.0,0.048354,0.310683,0.529832,0.818283,1.122378,1.5101,1.65354,1.758631,1.955195,2.087605,NA,-0.445928,2.281311,
7,L,404.8,NA,NA,NA,NA,NA,NA,NA,NA,NA,0.0,0.072823,0.133677,0.200273,0.261141,
8,R,426.0,0.0,0.08744,0.341862,0.504197,0.81989,1.203319,1.493431,1.945503,NA,NA,2.396383,NA,2.654033,2.585387,
9,L,485.1,NA,0.0,0.143519,0.297779,0.491126,0.711875,0.882334,1.458303,NA,NA,NA,NA,2.015077,1.988532,
10,L,538.7,NA,0.0,11.093966,11.350513,11.601641,NA,NA,NA,NA,8.732752,12.743412,12.831676,12.875856,12.92094,
START_TIME,1596397369.0,
END_TIME,1596397933.0,
TOTAL_TIME,564.4