BURST_NUMBER,ORIENTATION,START_TIME,Gate0,Gate1,Gate2,Gate3,Gate4,Gate5,Gate6,Gate7,Gate8,Gate9,Gate10,Gate11,Gate12,Gate13,
1,L,13.1,NA,0.0,13.350816,13.472721,13.535655,13.606261,13.696843,14.594393,NA,NA,NA,NA,24.980269,25.015591,
2,L,56.0,NA,0.0,1.67414,1.921952,2.643883,NA,19.304766,19.611087,19.757301,20.051162,NA,20.364474,20.526239,20.595074,
3,R,114.9,NA,NA,NA,NA,0.0,7.601813,8.046425,8.956976,9.261253,9.462488,9.62356,9.740894,9.877724,9.929882,
4,L,179.0,0.0,0.461907,0.851045,1.837248,2.311377,10.198045,10.2356,10.374399,10.438358,10.5184,10.568717,10.625186,10.709723,10.728651,
5,R,242.6,0.0,0.251308,0.937149,1.253457,1.826707,1.909957,1.968435,2.11516,2.228602,2.32557,2.438032,NA,-9.283045,2.630849,
6,L,292.4,NA,0.0,23.955685,24.208159,24.340502,24.40296,24.609543,25.407494,25.876176,26.226769,26.611376,26.640103,26.708257,26.745828,
7,R,384.1,0.0,0.069943,0.227106,0.358664,0.470512,0.610124,0.762149,1.043511,1.193611,1.338692,1.452625,NA,-7.83188,1.777699,
8,R,449.4,NA,NA,NA,NA,NA,NA,NA,NA,NA,NA,NA,NA,NA,0.0,
9,L,485.0,0.0,2.200032,6.38963,6.449081,6.493286,NA,NA,6.844658,NA,NA,NA,7.133305,7.232218,7.234753,
START_TIME,1596398602.0,
END_TIME,1596399128.0,
TOTAL_TIME,525.8