BURST_NUMBER,ORIENTATION,START_TIME,Gate0,Gate1,Gate2,Gate3,Gate4,Gate5,Gate6,Gate7,Gate8,Gate9,Gate10,Gate11,Gate12,Gate13,
1,L,36.5,0.0,0.369884,0.642462,0.826998,0.960897,1.089348,1.252849,1.877262,2.68422,4.416684,5.803909,NA,6.066927,10.680317,
2,R,71.2,0.0,0.012969,0.169209,0.337309,0.491775,0.645964,0.810896,1.240243,1.4816,1.875023,2.778937,4.721463,5.367206,5.659842,
3,L,117.1,0.0,0.156406,0.370553,0.65803,1.047177,NA,NA,NA,NA,-5.249633,NA,NA,3.078329,3.074929,
4,L,166.4,NA,0.0,0.961192,1.10975,1.287655,1.601166,2.082602,2.64683,2.901201,3.173378,3.476691,3.670223,3.831183,3.94161,
5,R,192.8,0.0,0.050655,0.29413,0.587744,0.827721,1.296839,1.710992,2.110776,2.409676,2.54889,2.744004,2.895851,3.077541,3.203575,
6,L,313.6,0.0,0.120032,0.4915,1.433945,3.108678,3.220689,3.329515,3.505716,3.702268,3.82077,3.932501,4.041473,9.263562,9.192709,
7,R,410.8,NA,NA,NA,NA,NA,NA,0.0,0.079047,0.120161,0.171552,0.205843,0.264838,0.303884,0.335608,
8,R,594.5,NA,NA,NA,NA,NA,NA,NA,NA,NA,NA,NA,NA,0.0,-0.072501,
9,L,667.1,0.0,0.140181,0.350498,0.651807,1.140907,1.298892,1.343585,1.427018,1.469328,1.529867,1.575585,1.611295,1.676661,1.693684,
10,R,715.4,NA,NA,NA,NA,NA,NA,NA,NA,NA,NA,0.0,NA,-0.228275,-0.387038,
11,L,729.8,0.0,0.088576,0.485634,0.987066,1.861029,2.271451,NA,2.914333,NA,NA,NA,NA,4.060985,4.097327,
12,L,786.2,0.0,NA,NA,NA,NA,NA,1.293386,1.453855,1.928839,2.166695,2.517094,2.784102,2.933136,2.997304,
13,R,885.4,0.0,0.121631,0.671742,1.251304,1.691322,1.735329,1.797073,1.930331,1.976191,2.040684,2.155914,NA,NA,6.455522,
14,L,956.9,0.0,0.243561,NA,0.471513,0.617424,0.832773,1.005654,1.432528,1.87623,2.102732,2.315698,2.790202,3.478747,3.918278,
15,R,1007.2,0.0,0.062698,0.126649,0.205449,NA,NA,NA,1.207808,1.260348,1.355073,1.559608,NA,NA,5.96233,
START_TIME,1596400201.0,
END_TIME,1596401229.0,
TOTAL_TIME,1028.8