BURST_NUMBER,ORIENTATION,START_TIME,Gate0,Gate1,Gate2,Gate3,Gate4,Gate5,Gate6,Gate7,Gate8,Gate9,Gate10,Gate11,Gate12,Gate13,
1,R,47.3,0.0,0.05909,0.200288,0.437468,0.768859,1.314274,1.495037,NA,NA,NA,NA,-4.31037,NA,4.044255,
2,L,70.3,NA,0.0,16.70382,16.713644,16.779907,16.8215,16.863104,16.974527,17.045857,17.124777,17.189073,17.236343,17.305546,17.326907,
3,L,131.3,0.0,0.342216,NA,NA,NA,NA,NA,-12.790066,NA,NA,NA,3.593887,3.719395,3.734007,
4,R,162.4,0.0,0.048894,0.221978,0.407716,0.713273,1.29325,2.114287,NA,2.976408,NA,3.433917,NA,NA,4.504244,
5,L,207.2,NA,NA,NA,NA,NA,NA,0.0,NA,NA,2.457486,4.069144,4.28947,8.473455,8.459441,
6,R,231.7,NA,NA,NA,NA,NA,NA,NA,NA,NA,NA,NA,NA,NA,0.0,
7,R,278.5,NA,NA,NA,NA,0.0,NA,NA,NA,NA,NA,5.32263,NA,1.007548,5.656776,
8,L,323.9,NA,NA,NA,NA,0.0,NA,NA,NA,NA,NA,NA,15.517644,18.927983,19.045732,
9,R,381.3,NA,0.0,NA,NA,NA,NA,NA,NA,1.366398,NA,NA,5.350416,5.416474,5.466374,
10,L,459.8,0.0,18.91455,19.424586,19.48346,20.892943,NA,NA,NA,NA,7.380685,NA,19.693206,NA,21.377473,
11,L,542.9,NA,NA,NA,NA,NA,0.0,NA,5.72509,NA,NA,NA,NA,NA,6.185974,
12,R,615.9,0.0,0.101059,0.181965,NA,NA,NA,0.446886,NA,NA,NA,NA,NA,1.616179,1.742304,
START_TIME,1596402244.0,
END_TIME,1596402890.0,
TOTAL_TIME,646.0