BURST_NUMBER,ORIENTATION,START_TIME,Gate0,Gate1,Gate2,Gate3,Gate4,Gate5,Gate6,Gate7,Gate8,Gate9,Gate10,Gate11,Gate12,Gate13,
1,R,104.7,0.0,0.291671,0.387984,0.430276,0.501033,NA,NA,0.790138,NA,NA,1.132656,NA,-6.69341,1.251493,
2,L,156.5,NA,NA,NA,0.0,NA,6.777352,6.919417,7.10513,7.226163,7.337643,7.434336,7.54334,7.690836,7.753624,
3,R,428.2,0.0,0.008485,0.065909,0.106779,0.153615,0.196154,0.234708,0.34401,NA,NA,0.565329,0.600825,0.668916,0.716362,
4,L,469.7,NA,NA,NA,NA,NA,0.0,4.159724,4.243504,4.288718,4.338812,4.406232,4.453239,4.521948,4.557715,
5,R,506.6,NA,NA,0.0,18.091368,18.138936,18.218145,18.300212,18.418538,18.482743,18.544372,18.606346,18.68915,18.784168,18.887036,
6,L,580.5,0.0,11.211651,11.295833,11.388559,11.436936,11.506176,11.568679,11.708976,11.775252,11.85109,11.956389,NA,0.04091,12.196689,
7,R,642.2,0.0,0.064014,0.146856,0.22096,0.28428,0.344765,0.39021,0.47044,0.521604,0.584934,0.646396,0.73025,0.795281,0.846748,
8,L,669.3,NA,NA,NA,NA,0.0,NA,18.451452,18.723519,18.849694,NA,19.103506,19.213019,19.363321,19.39478,
START_TIME,1596404013.0,
END_TIME,1596404736.0,
TOTAL_TIME,723.3