BURST_NUMBER,ORIENTATION,START_TIME,Gate0,Gate1,Gate2,Gate3,Gate4,Gate5,Gate6,Gate7,Gate8,Gate9,Gate10,Gate11,Gate12,Gate13,
1,L,15.9,0.0,2.655084,2.704791,2.769722,2.823028,NA,NA,NA,NA,NA,NA,NA,3.492708,3.386174,
2,R,75.7,0.0,0.13054,0.326581,0.481025,NA,NA,NA,0.743019,NA,NA,NA,NA,1.046959,1.044489,
3,L,153.4,0.0,0.152111,1.316903,2.034183,2.075301,2.132654,2.205046,2.305284,2.347584,2.391322,2.423048,2.470965,2.502596,2.521522,
4,R,202.6,0.0,NA,0.168916,0.253843,0.368075,0.479303,0.586678,0.788768,0.910928,1.033823,1.165648,1.291189,1.409241,1.460821,
5,L,240.6,NA,NA,0.0,0.050535,0.108923,0.16024,0.230112,0.319531,0.371306,0.41533,0.479613,0.5419,0.627541,0.659828,
6,R,280.7,NA,0.0,NA,6.666088,NA,20.201426,20.27688,20.520694,20.701236,NA,21.007168,21.157604,21.356076,29.545162,
7,L,386.2,NA,NA,NA,NA,NA,NA,NA,NA,NA,NA,NA,NA,0.0,-0.05658,
8,R,417.4,NA,0.0,0.153873,0.350343,NA,0.958495,1.076135,1.382177,1.531264,NA,1.874041,NA,-8.454841,5.14824,
START_TIME,1596405393.0,
END_TIME,1596405844.0,
TOTAL_TIME,450.8