BURST_NUMBER,ORIENTATION,START_TIME,Gate0,Gate1,Gate2,Gate3,Gate4,Gate5,Gate6,Gate7,Gate8,Gate9,Gate10,Gate11,Gate12,Gate13,
1,R,186.6,NA,0.0,5.688493,5.797032,5.899007,6.021097,6.130873,6.425102,6.642624,6.890935,7.096857,7.428015,8.522598,8.539843,
2,L,284.9,NA,NA,NA,NA,NA,0.0,1.529518,1.667594,1.72567,1.813115,1.873101,1.96853,2.079771,2.131773,
3,R,320.9,0.0,1.782278,2.047505,2.355572,2.809829,3.347606,3.702941,3.785208,NA,NA,4.00793,4.054567,4.182887,4.233141,
4,L,379.5,NA,NA,NA,0.0,0.522277,NA,NA,NA,NA,-1.506186,0.873795,0.923727,0.970999,1.003357,
5,R,416.7,NA,0.0,1.69989,NA,2.678889,NA,NA,3.240973,3.444053,3.561997,3.676792,3.852331,4.029092,4.064308,
6,L,466.3,0.0,NA,NA,NA,NA,NA,NA,-14.142479,NA,NA,-4.159555,8.032812,8.09714,8.130076,
7,L,526.6,NA,NA,NA,0.0,NA,4.33227,7.060027,7.30463,7.424707,7.564975,7.754639,7.956253,8.134208,8.216431,
8,R,576.9,0.0,1.031951,1.278792,1.468303,NA,NA,NA,NA,NA,1.531075,2.448608,2.56055,2.671289,2.754523,
9,R,625.6,NA,0.0,4.06104,4.936995,5.024515,5.083744,5.125019,5.207043,5.260447,5.341456,5.438158,5.515919,5.644845,5.693202,
START_TIME,1596406529.0,
END_TIME,1596407505.0,
TOTAL_TIME,975.6