BURST_NUMBER,ORIENTATION,START_TIME,Gate0,Gate1,Gate2,Gate3,Gate4,Gate5,Gate6,Gate7,Gate8,Gate9,Gate10,Gate11,Gate12,Gate13,
1,R,22.1,NA,0.0,16.051868,16.094157,16.141629,16.200906,16.260305,16.42144,16.522108,16.653748,16.782489,16.930484,17.168453,22.103311,
2,R,85.4,0.0,NA,0.151778,NA,NA,NA,NA,NA,NA,NA,NA,NA,1.871511,1.765352,
3,L,112.4,NA,0.0,28.745763,28.901122,29.013993,29.056387,29.175254,29.48819,29.601062,29.72473,29.829267,29.91106,30.023969,30.071372,
4,R,185.9,NA,0.0,NA,NA,0.242291,0.284068,0.420777,NA,NA,NA,NA,NA,NA,1.323982,
5,L,243.3,0.0,NA,NA,NA,NA,NA,-5.864725,NA,NA,NA,16.781022,25.658339,25.790554,25.886002,
6,L,334.2,0.0,NA,NA,NA,NA,NA,-7.089628,0.940525,1.006939,1.07637,1.194256,NA,-7.272899,1.483901,
7,R,398.6,0.0,0.176128,11.932339,NA,NA,NA,12.36281,12.433767,12.53165,NA,NA,-6.716173,17.714874,20.374673,
8,L,461.2,NA,NA,0.0,NA,NA,NA,3.619236,4.007041,NA,NA,NA,4.365835,4.518538,4.564896,
START_TIME,1596407954.0,
END_TIME,1596408732.0,
TOTAL_TIME,778.7