BURST_NUMBER,ORIENTATION,START_TIME,Gate0,Gate1,Gate2,Gate3,Gate4,Gate5,Gate6,Gate7,Gate8,Gate9,Gate10,Gate11,Gate12,Gate13,
1,L,32.0,0.0,0.36621,2.562086,2.602795,2.634209,2.6682,2.690156,2.763187,2.794018,2.824737,NA,2.907238,9.746673,9.721872,
2,R,365.2,0.0,0.332524,0.44658,0.487047,0.511705,0.553749,0.577038,0.643419,0.677741,0.707393,0.740106,0.784138,0.804146,0.823439,
3,R,453.1,NA,NA,NA,NA,NA,NA,NA,NA,NA,NA,0.0,NA,-0.085542,-0.249893,
4,R,500.0,NA,NA,NA,0.0,NA,2.206019,2.258888,2.341126,2.377464,2.41411,2.451409,2.487145,2.517539,2.536805,
5,L,554.8,0.0,0.083368,0.232501,0.414548,0.645796,NA,NA,1.464986,NA,NA,NA,1.670727,NA,1.720626,
6,R,608.9,NA,0.0,0.034361,0.204253,NA,0.401095,0.474158,NA,NA,NA,NA,NA,1.158443,1.203623,
7,L,653.4,NA,0.0,NA,3.54354,NA,NA,NA,3.742041,3.781737,3.840124,3.876228,3.931485,3.983357,4.021096,
8,R,688.5,NA,NA,0.0,NA,0.663479,0.744221,1.026573,2.190706,NA,NA,9.129664,NA,3.611138,14.813978,
9,L,715.6,NA,0.0,NA,4.197035,4.420231,4.529317,NA,4.764229,4.89585,5.002288,NA,5.136185,5.271192,5.286446,
START_TIME,1596409334.0,
END_TIME,1596410145.0,
TOTAL_TIME,811.0