BURST_NUMBER,ORIENTATION,START_TIME,Gate0,Gate1,Gate2,Gate3,Gate4,Gate5,Gate6,Gate7,Gate8,Gate9,Gate10,Gate11,Gate12,Gate13,
1,L,22.3,0.0,NA,0.13589,0.249989,0.3692,0.496628,0.707513,1.31808,1.920594,2.541416,2.836071,3.525315,4.660447,5.093392,
2,L,153.3,0.0,0.020154,0.07739,0.117421,NA,NA,3.117192,NA,NA,NA,2.896899,NA,-0.435275,4.48625,
3,R,221.6,0.0,0.330702,1.417087,1.461143,1.525072,NA,NA,NA,NA,NA,1.738443,1.773926,1.811708,1.827512,
4,L,289.8,0.0,NA,NA,NA,NA,NA,NA,NA,NA,NA,NA,0.891017,NA,1.162046,
5,R,357.2,0.0,0.829194,8.222852,8.41649,8.47807,8.566488,8.619773,8.705799,8.753469,8.808793,8.872982,8.921936,8.972801,14.713326,
6,L,402.1,0.0,0.085614,0.360884,0.5153,0.813508,0.999383,1.269442,1.741652,1.83432,2.097541,NA,2.299452,2.485235,2.551766,
7,R,442.2,0.0,0.314346,0.773911,0.822811,0.874898,0.933336,0.98064,1.064403,1.132542,1.194511,1.281799,1.367004,1.469345,1.534438,
8,L,478.1,NA,NA,NA,NA,NA,NA,NA,NA,NA,NA,NA,NA,0.0,-0.054459,
9,L,516.2,NA,0.0,6.325413,6.485468,NA,6.953967,NA,7.197602,NA,NA,NA,7.592147,7.618802,7.6341,
START_TIME,1596411381.0,
END_TIME,1596411965.0,
TOTAL_TIME,584.6