BURST_NUMBER,ORIENTATION,START_TIME,Gate0,Gate1,Gate2,Gate3,Gate4,Gate5,Gate6,Gate7,Gate8,Gate9,Gate10,Gate11,Gate12,Gate13,
1,L,57.3,NA,0.0,10.585159,10.758915,10.903219,11.072568,11.309093,12.244748,12.851384,13.008404,13.242099,13.53996,13.741658,13.842959,
2,R,142.6,0.0,0.051609,0.20989,0.356943,0.54703,0.810137,1.221559,1.847107,2.053942,2.403431,2.606027,2.776168,2.951246,3.127265,
3,L,189.0,0.0,NA,0.172996,0.374687,0.62442,0.994959,1.299008,1.490072,1.517736,1.57737,1.630555,1.720363,1.882231,1.96219,
4,R,221.4,0.0,0.07082,NA,NA,NA,NA,NA,NA,NA,NA,NA,NA,2.589592,2.512686,
5,L,260.0,0.0,0.089431,0.274335,0.507229,0.806766,1.301533,1.675567,1.749115,1.792336,1.825841,1.863031,1.900285,1.928295,1.947451,
6,R,315.5,0.0,NA,0.185624,0.368637,0.538527,0.799163,1.152647,1.234221,1.268997,1.298887,1.338135,1.369883,1.384748,6.137596,
7,L,370.0,0.0,NA,0.290479,0.447138,0.711288,1.272986,1.721811,1.819095,1.859286,1.894011,1.917624,1.951712,NA,1.999509,
8,R,421.0,0.0,NA,0.703473,0.774397,0.837368,0.907529,0.967871,1.066078,1.110619,1.166717,1.234181,1.314083,1.397853,1.429617,
START_TIME,1596413681.0,
END_TIME,1596414128.0,
TOTAL_TIME,447.2