BURST_NUMBER,ORIENTATION,START_TIME,Gate0,Gate1,Gate2,Gate3,Gate4,Gate5,Gate6,Gate7,Gate8,Gate9,Gate10,Gate11,Gate12,Gate13,
1,L,36.4,0.0,NA,0.935732,1.503763,1.96778,2.079376,2.148867,2.243319,2.291874,2.339859,2.373286,2.409999,2.459046,2.474451,
2,R,104.1,NA,0.0,10.772094,11.553187,12.128773,12.241735,12.316249,12.45346,12.512286,12.594677,12.667654,12.764725,12.88467,12.997124,
3,L,186.6,0.0,0.160405,NA,NA,0.630332,NA,0.748147,0.789295,0.837113,0.879614,0.91869,0.972807,1.037757,1.053153,
4,R,226.7,NA,0.0,14.642435,24.43587,25.535851,25.987001,26.093794,26.264221,26.334747,26.446975,26.597636,26.901158,27.060616,27.416783,
5,L,292.1,0.0,0.197731,0.344521,NA,NA,NA,0.684791,0.860175,0.922106,1.010508,1.080121,NA,-6.481002,1.288224,
6,L,377.6,0.0,0.117866,0.211055,NA,NA,NA,NA,0.732148,0.853482,1.000644,1.136463,1.254658,1.380085,1.411733,
7,L,609.0,0.0,0.086952,0.245562,0.310741,0.386505,0.448305,0.483411,0.599899,0.659286,0.724947,0.786367,0.859847,0.942594,0.974282,
8,R,653.4,0.0,0.782364,1.813899,NA,NA,2.381187,2.552737,2.683559,2.750127,2.79547,2.850342,2.911359,2.963258,2.982364,
START_TIME,1596415429.0,
END_TIME,1596416173.0,
TOTAL_TIME,744.3