BURST_NUMBER,ORIENTATION,START_TIME,Gate0,Gate1,Gate2,Gate3,Gate4,Gate5,Gate6,Gate7,Gate8,Gate9,Gate10,Gate11,Gate12,Gate13,Gate14,
1,R,339.0,0.0,0.315748,1.713703,1.884453,1.995236,2.115053,2.220294,2.282234,2.381221,2.457357,2.589584,2.753153,2.903595,3.052179,3.14979,
2,R,484.4,0.0,0.358718,0.515927,0.682765,0.853651,1.039687,1.157773,1.263073,1.38435,1.542975,1.732558,1.934256,2.170667,2.41919,2.594001,
3,L,588.7,0.0,0.938761,2.415586,2.577507,2.702462,2.834691,2.980842,3.199791,3.352682,3.504253,3.787313,3.987265,4.219439,4.514226,4.74241,
4,L,676.5,0.0,0.104153,0.289614,0.419643,0.544704,0.695954,0.804533,0.944209,1.118393,1.337685,1.662222,2.069541,2.657138,3.587033,4.278542,
5,L,756.4,0.0,0.2053,0.39208,0.583981,0.686001,0.781968,0.845566,0.921146,0.998785,1.072253,1.157031,1.254495,1.352886,1.469983,1.533926,
6,R,813.4,0.0,0.122675,0.270109,0.486359,0.910569,2.405239,2.542806,2.638054,2.766376,2.892013,3.008142,3.105482,3.236118,3.407872,3.516925,
7,L,913.2,0.0,0.184179,0.531281,1.133411,1.813424,2.026443,2.317628,23.255857,23.382711,23.496918,23.638089,23.776546,23.89295,24.042239,24.110122,
8,L,1005.0,0.0,0.4913,0.73857,0.812549,0.907289,1.058094,1.247811,1.394926,1.539215,1.65192,1.76767,1.885108,2.033916,2.169308,2.217987,
START_TIME,1595959741.0,
END_TIME,1595960815.0,
TOTAL_TIME,1073.7