BURST_NUMBER,ORIENTATION,START_TIME,Gate0,Gate1,Gate2,Gate3,Gate4,Gate5,Gate6,Gate7,Gate8,Gate9,Gate10,Gate11,Gate12,Gate13,Gate14,
1,L,510.8,0.0,0.041922,0.10633,0.179286,0.24544,0.308367,0.368,0.441826,0.518022,0.586974,0.669652,0.733371,0.80051,0.865929,0.894607,
2,R,569.7,0.0,0.086352,0.229797,0.398544,0.657871,1.05379,1.684154,2.959671,4.059241,4.561062,4.609755,4.692513,4.795216,4.955985,5.072487,
3,L,649.7,0.0,0.056099,0.133178,0.210531,0.268731,0.349159,0.420057,0.479592,0.564226,0.658502,0.787764,0.948158,0.998254,1.041439,1.062792,
4,R,701.9,0.0,0.504037,2.976407,3.95469,4.066395,4.277352,4.658369,5.275955,6.542201,7.39655,8.151733,9.116014,11.835711,14.849529,14.881199,
5,R,782.9,0.0,0.160638,0.885242,1.312446,1.607405,2.020969,2.219701,2.710649,NA,NA,3.874259,3.912765,4.007796,4.072195,4.123891,
6,R,870.0,0.0,0.123855,0.551048,0.803831,1.369734,1.820753,2.292121,2.329232,2.375494,2.448457,2.545858,2.672436,2.776496,3.005238,3.05321,
7,L,931.2,0.0,0.276466,1.417827,1.777194,2.04433,2.083191,2.152688,2.262948,2.390774,2.713031,3.188629,3.683749,4.917416,7.198976,8.377484,
8,L,1023.5,0.0,0.036853,0.11105,0.180986,0.257539,0.331381,0.409593,0.521732,0.666837,0.876205,1.146253,1.386638,1.81495,2.619765,3.037331,
START_TIME,1595961296.0,
END_TIME,1595962420.0,
TOTAL_TIME,1123.6