BURST_NUMBER,ORIENTATION,START_TIME,Gate0,Gate1,Gate2,Gate3,Gate4,Gate5,Gate6,Gate7,Gate8,Gate9,Gate10,Gate11,Gate12,Gate13,Gate14,
1,R,480.8,0.0,0.212368,0.595638,1.304721,1.892742,2.472342,2.943528,3.232657,NA,NA,NA,-6.191677,5.362528,6.029669,6.659202,
2,L,528.8,0.0,0.435024,1.319254,2.130594,2.630269,2.930613,3.149221,3.347271,3.558101,3.720484,3.907958,4.091079,4.322702,4.571223,4.688851,
3,R,589.8,0.0,0.173078,0.790351,1.698299,1.766008,1.864617,1.96205,2.038278,2.122183,2.236177,2.429418,2.574187,2.706015,3.022599,3.086841,
4,L,632.7,0.0,0.637953,1.446103,1.926708,2.429474,3.309455,4.440506,4.82613,4.885417,5.037105,NA,5.526978,5.601719,5.785021,5.831839,
5,R,733.0,0.0,0.040559,0.217205,0.54461,NA,1.038361,1.20067,1.505327,1.917528,2.289386,2.768235,3.235384,4.124817,4.565738,4.973529,
6,L,820.6,0.0,0.165398,0.725799,1.094253,1.694552,2.849321,3.564638,4.019569,4.357179,4.687652,5.123636,5.693589,6.246307,6.730601,6.912241,
7,R,916.7,0.0,0.237931,1.39274,2.629554,3.067344,3.418489,3.959812,4.256758,4.343774,4.445547,4.580378,4.74066,4.893655,5.022255,5.089502,
8,L,985.7,0.0,0.12369,0.369794,0.599406,0.918868,1.418858,1.629889,1.751795,1.925441,2.067,2.273841,2.435312,2.552233,2.80491,2.949746,
9,L,1060.5,0.0,0.043007,0.103405,0.152961,0.202745,0.265642,0.327733,0.410586,0.499664,0.590585,0.636674,0.708774,0.787091,0.835193,0.866915,
10,R,1123.5,0.0,0.057075,0.281934,0.441829,0.596275,0.755333,0.935697,1.077425,1.253078,1.375336,1.528211,1.660709,1.850344,2.094414,2.344222,
START_TIME,1595965355.0,
END_TIME,1595966525.0,
TOTAL_TIME,1169.7