BURST_NUMBER,ORIENTATION,START_TIME,Gate0,Gate1,Gate2,Gate3,Gate4,Gate5,Gate6,Gate7,Gate8,Gate9,Gate10,Gate11,Gate12,Gate13,Gate14,
1,R,35.2,0.0,0.097921,0.587971,1.593206,2.32658,2.407938,2.448445,2.469444,NA,NA,NA,-5.44531,2.682262,2.708852,2.728059,
2,L,123.4,0.0,0.229415,0.421326,0.811445,1.480296,2.278419,2.33666,2.438768,2.580677,2.787253,2.981059,3.118497,3.250436,3.373339,3.467172,
3,R,205.1,0.0,0.467703,0.967989,2.443207,3.32912,4.098116,4.15308,4.561285,4.767225,4.947664,5.072744,5.216921,5.467554,5.812823,5.993379,
4,L,304.0,0.0,0.491401,0.881505,1.268616,1.929366,3.341809,4.3957,4.819151,5.28409,6.50148,9.442817,10.005653,10.335925,10.956469,11.213711,
5,R,387.5,0.0,0.138764,0.845687,2.100852,2.891254,3.427288,NA,NA,NA,NA,NA,NA,NA,NA,12.943024,
6,R,452.2,0.0,NA,0.367877,0.527217,0.623604,0.686776,0.754351,0.792374,0.845556,0.898437,0.935135,0.989715,1.041795,1.078764,1.110571,
7,L,544.9,0.0,0.039583,0.147767,0.35615,0.540894,1.082838,2.259381,2.690103,2.867074,3.062163,3.381856,3.776229,3.969013,4.312548,4.486959,
8,R,591.6,0.0,0.055454,0.186187,0.372526,0.696388,2.01897,3.045658,NA,NA,3.252528,3.311102,3.391725,3.538144,3.720119,3.862861,
START_TIME,1595970843.0,
END_TIME,1595971483.0,
TOTAL_TIME, 640.0