BURST_NUMBER,ORIENTATION,START_TIME,Gate0,Gate1,Gate2,Gate3,Gate4,Gate5,Gate6,Gate7,Gate8,Gate9,Gate10,Gate11,Gate12,Gate13,Gate14,
1,R,99.4,0.0,0.275867,0.90089,1.118064,1.40579,1.484381,1.612038,1.808851,2.027439,2.221808,2.640864,3.280974,3.770704,5.493632,6.91947,
2,L,183.3,0.0,0.029101,NA,NA,0.280565,0.356968,0.43412,0.51257,0.574714,0.624246,0.691133,0.740159,0.824412,0.938318,0.989798,
3,R,257.0,0.0,0.087182,0.681631,1.199368,1.506114,1.610923,1.752142,2.000548,2.33214,2.60119,3.004928,3.507186,4.733791,5.368728,5.98256,
4,L,329.2,0.0,0.020724,0.072095,0.170424,0.319452,0.661077,0.699624,0.759399,0.902104,1.165913,1.688986,2.048816,2.168726,2.221566,2.253179,
5,L,404.8,0.0,0.082547,0.249883,0.544419,1.115441,1.82154,2.024479,2.381628,3.194765,3.451057,3.729609,4.216694,4.544596,4.84019,5.015957,
6,R,451.5,0.0,0.039688,0.175303,0.283748,0.373745,0.459072,0.568893,0.65886,0.821171,1.118676,1.838331,2.605989,3.379632,4.209641,4.526151,
7,L,519.0,0.0,0.341914,3.32271,3.392705,3.488867,3.571832,3.693609,3.85498,3.935823,4.022816,4.11623,4.199553,4.268111,4.371772,4.436105,
8,R,583.4,0.0,0.067518,0.452732,0.828989,1.297936,1.770157,2.08611,2.545772,3.004358,3.42813,4.193853,4.855521,5.295322,5.846419,6.084868,
START_TIME,1595972272.0,
END_TIME,1595972907.0,
TOTAL_TIME,635.1