BURST_NUMBER,ORIENTATION,START_TIME,Gate0,Gate1,Gate2,Gate3,Gate4,Gate5,Gate6,Gate7,Gate8,Gate9,Gate10,Gate11,Gate12,Gate13,Gate14,
1,L,355.4,0.0,0.030832,0.05555,NA,0.206432,0.235985,0.29706,0.408482,0.458157,0.619305,0.952019,1.38659,2.163135,2.607841,2.69185,
2,L,442.5,0.0,0.105865,0.316701,0.458691,0.548077,0.674939,0.800168,0.973676,1.080043,1.204003,1.341223,1.536556,1.832573,2.609351,3.174368,
3,R,523.1,NA,NA,NA,NA,NA,NA,NA,NA,NA,NA,NA,0.0,NA,-0.290211,-0.359785,
4,R,576.2,0.0,0.115146,0.334683,0.516406,0.844091,1.51806,1.940221,1.977627,2.019234,2.051016,2.080654,2.115362,2.14542,2.182625,2.299633,
5,L,654.2,0.0,0.061864,0.192344,0.252877,0.294811,0.358617,0.417267,0.507029,0.603571,0.730285,0.913499,1.06855,1.150864,1.205985,1.223158,
6,R,714.3,0.0,0.028687,0.230102,0.425693,0.694386,1.088289,1.793785,2.422729,3.238547,3.745615,4.063381,4.104946,4.151744,4.188413,4.220106,
7,L,763.1,0.0,0.030047,0.080071,0.10601,0.129704,0.166354,0.19475,0.234571,0.244018,0.271698,0.311786,0.343915,0.373347,0.397556,0.413925,
8,R,804.1,0.0,0.09365,0.224619,0.385211,0.69232,1.176434,1.669864,1.735948,1.775824,1.812848,1.885107,1.931328,2.003454,2.085743,2.134478,
START_TIME,1595980893.0,
END_TIME,1595981707.0,
TOTAL_TIME,814.4