BURST_NUMBER,ORIENTATION,START_TIME,Gate0,Gate1,Gate2,Gate3,Gate4,Gate5,Gate6,Gate7,Gate8,Gate9,Gate10,Gate11,Gate12,Gate13,Gate14,
1,R,471.6,0.0,0.35179,0.530945,0.684661,0.903019,1.052659,1.192435,1.346105,1.464911,1.607685,1.744924,1.89076,2.035044,2.153899,2.251648,
2,L,521.6,0.0,0.05582,0.11826,0.168636,0.209334,0.278524,0.335044,NA,0.461252,NA,0.593755,0.624529,0.679047,0.750666,0.764636,
3,R,573.3,0.0,0.161888,0.906086,2.080079,2.561562,2.594938,2.641504,2.700955,2.772,2.870319,NA,3.015033,NA,3.109026,3.140447,
4,L,637.3,0.0,0.058923,0.11605,0.147008,0.176354,0.21755,0.249504,0.283781,0.32613,0.355959,0.387706,0.4353,0.465948,0.497687,0.516424,
5,R,703.5,0.0,0.096148,0.499703,1.37874,2.038139,2.460599,2.515298,2.601578,2.697534,2.816275,2.977913,3.176586,3.304304,3.467347,3.59774,
6,L,754.4,0.0,0.04201,0.129157,0.237364,0.341525,0.45677,0.531377,0.60292,0.670306,0.751896,0.847774,0.943939,1.044116,1.186545,1.254842,
7,R,791.7,0.0,0.261526,2.195609,2.86773,2.981032,3.340703,4.059802,NA,NA,NA,NA,NA,NA,11.209525,11.038848,
8,R,866.6,0.0,0.106087,0.351745,0.506165,0.719283,0.913984,1.094946,1.280378,1.582002,1.884133,2.167535,2.558823,3.051723,3.741427,4.20974,
START_TIME,1595981889.0,
END_TIME,1595982769.0,
TOTAL_TIME,880.0