BURST_NUMBER,ORIENTATION,START_TIME,Gate0,Gate1,Gate2,Gate3,Gate4,Gate5,Gate6,Gate7,Gate8,Gate9,Gate10,Gate11,Gate12,Gate13,Gate14,
1,R,47.2,0.0,0.101969,0.307923,0.455021,0.635861,1.055475,1.483611,1.900018,1.928928,1.962507,1.998089,2.044075,2.082211,2.130863,2.165802,
2,L,105.1,0.0,1.272428,1.483611,1.878447,2.424446,3.432843,4.090986,4.161689,4.200369,4.260609,4.293739,4.34311,4.392042,4.443624,4.462606,
3,R,167.7,0.0,0.013863,0.048872,NA,NA,NA,0.238971,NA,0.365845,NA,0.454111,NA,NA,0.632429,0.664184,
4,L,225.0,NA,NA,NA,0.0,14.027372,14.070587,14.095958,14.133685,14.167353,14.203465,14.23521,14.272095,14.308195,14.344675,14.359987,
5,R,282.3,0.0,0.101859,0.292191,0.366288,0.478539,0.657488,0.710658,0.756377,0.826776,0.911302,1.029991,1.127997,1.264857,1.488141,1.753842,
6,L,320.9,NA,NA,NA,0.0,2.418354,3.075287,3.628906,4.004912,4.219821,4.649133,5.59456,7.032237,7.456946,9.261886,9.678718,
7,R,361.9,0.0,0.101465,0.829488,1.663918,2.249028,2.291479,2.333527,2.379795,2.405004,2.437049,2.469979,2.503795,2.534983,2.56772,2.600647,
8,L,405.7,NA,NA,NA,0.0,11.993427,12.96168,13.010851,13.064578,13.10675,13.153646,13.190674,13.240961,13.276728,13.345123,13.360544,
START_TIME,1595984737.0,
END_TIME,1595985162.0,
TOTAL_TIME,424.6