BURST_NUMBER,ORIENTATION,START_TIME,Gate0,Gate1,Gate2,Gate3,Gate4,Gate5,Gate6,Gate7,Gate8,Gate9,Gate10,Gate11,Gate12,Gate13,Gate14,
1,L,87.1,0.0,0.623091,0.93521,1.42172,1.481716,1.605062,1.792862,2.143623,2.805303,3.189798,3.466636,3.598605,3.878455,4.569016,5.202095,
2,R,145.1,0.0,0.215366,1.987503,3.457347,3.528535,3.586792,3.708872,4.045237,4.236828,4.4008,4.492802,4.846894,4.925892,5.02431,5.167345,
3,L,199.9,0.0,0.112399,0.185734,0.245958,NA,NA,0.559183,NA,0.79955,0.890945,0.988812,1.030193,1.101613,1.184234,1.218859,
4,R,256.1,0.0,0.10798,0.711708,1.997104,2.955555,3.188875,3.41009,3.710861,3.7563,4.055666,4.241698,4.517111,4.828611,5.023342,5.201938,
5,L,330.6,0.0,0.100888,0.361484,1.200459,1.881242,2.607677,2.664656,2.721405,2.791796,2.893124,2.999934,3.093791,3.190104,3.265644,3.301183,
6,R,371.4,0.0,0.047636,0.153618,0.28935,0.725244,1.129287,1.743254,2.438781,2.741725,3.11894,3.474293,4.103334,4.524291,4.742869,4.860423,
7,L,409.7,0.0,0.138841,0.503526,0.862081,1.715737,2.299978,2.378501,2.916439,3.054426,3.317927,3.772378,4.079192,4.643237,5.052675,5.269516,
8,R,484.6,0.0,0.108798,0.378871,1.021831,1.460756,2.102193,2.698587,3.206356,3.453838,3.796985,4.434465,4.487989,5.704934,5.948426,6.043503,
9,L,528.8,NA,NA,NA,0.0,12.886609,NA,13.27869,13.361995,13.469136,13.645484,13.908945,14.032177,14.128592,14.284962,14.370937,
10,R,610.5,0.0,0.181877,0.260996,0.501215,0.612568,1.041908,1.626083,2.648481,2.859527,3.051457,3.153292,3.366622,3.58565,3.877077,4.23109,
START_TIME,1595985584.0,
END_TIME,1595986251.0,
TOTAL_TIME,666.7