BURST_NUMBER,ORIENTATION,START_TIME,Gate0,Gate1,Gate2,Gate3,Gate4,Gate5,Gate6,Gate7,Gate8,Gate9,Gate10,Gate11,Gate12,Gate13,Gate14,
1,R,382.3,0.0,0.064536,0.371753,0.929183,1.937317,2.468774,2.514913,2.592454,2.711075,2.950214,3.129194,3.284799,3.414332,3.562963,3.673997,
2,L,480.4,0.0,0.118872,0.24952,0.370422,0.483419,0.594746,0.702595,0.803942,0.93303,1.079747,1.234655,1.391313,1.567722,1.861773,2.022353,
3,R,546.4,0.0,0.162289,0.816068,2.21798,2.365951,2.622186,2.796601,2.945179,3.170907,3.505061,4.047383,4.797785,6.0902,6.905903,7.65024,
4,L,587.5,0.0,0.014449,0.079978,0.164192,0.244722,0.331271,0.418577,0.508347,0.567001,0.667587,0.711979,0.777413,0.842637,0.891624,0.91041,
5,R,645.0,0.0,0.023602,0.069347,0.156319,0.22807,0.305251,0.362107,0.419616,0.498215,0.570395,0.641857,0.707728,0.779764,0.861345,0.892313,
6,L,699.0,0.0,0.059404,0.224333,0.345717,0.467688,0.576714,0.650989,0.731314,0.833314,1.007343,1.304129,1.717811,2.486777,4.229823,4.261504,
7,R,750.3,0.0,0.327509,1.750357,1.824984,1.872332,1.937707,2.000243,2.094791,2.173424,NA,2.316216,2.375751,2.461847,2.61341,2.85984,
8,R,828.4,NA,NA,NA,NA,NA,NA,NA,NA,NA,NA,NA,NA,NA,0.0,0.020085,
9,L,890.2,0.0,0.094229,0.256007,0.459516,0.979101,4.072004,4.693921,5.190717,5.476932,5.638288,5.844233,NA,6.804212,7.31462,7.409534,
START_TIME,1595987377.0,
END_TIME,1595988321.0,
TOTAL_TIME,943.5