BURST_NUMBER,ORIENTATION,START_TIME,Gate0,Gate1,Gate2,Gate3,Gate4,Gate5,Gate6,Gate7,Gate8,Gate9,Gate10,Gate11,Gate12,Gate13,Gate14,
1,L,665.9,0.0,NA,NA,NA,NA,NA,-11.24025,9.64239,10.336782,10.773197,10.998457,11.067467,11.183162,11.330176,11.366329,
2,R,737.7,0.0,0.126702,0.622774,0.802348,0.936244,1.092398,1.2482,1.402869,1.562557,1.721209,1.978493,2.175565,2.367834,2.658181,2.850692,
3,L,784.0,0.0,0.19757,0.795903,1.770529,1.864269,1.905696,1.96649,NA,NA,NA,NA,2.232416,2.304274,2.384443,2.421187,
4,R,844.5,0.0,0.345748,0.489958,0.555217,0.646534,0.753393,0.878368,1.014211,1.169621,1.315951,1.480025,1.637661,1.815872,2.025856,2.127415,
5,L,885.6,0.0,0.096981,0.277319,0.42467,0.477877,0.610398,0.777069,0.992447,1.151356,1.29306,1.429717,1.531353,1.63106,1.759736,1.807759,
6,R,945.6,0.0,0.078498,0.23462,0.351359,0.496429,0.648601,0.844211,1.020147,1.471321,2.400772,2.573557,2.579357,2.67113,2.702994,2.738744,
7,L,1006.9,NA,NA,NA,NA,NA,NA,NA,NA,NA,NA,NA,NA,NA,NA,0.0,
8,R,1188.1,0.0,0.059981,0.234214,0.333152,0.440715,0.592986,0.733735,0.961963,1.296717,1.786737,1.96112,2.032676,2.094365,2.143727,2.178748,
START_TIME,1595988362.0,
END_TIME,1595989570.0,
TOTAL_TIME,1207.6