BURST_NUMBER,ORIENTATION,START_TIME,Gate0,Gate1,Gate2,Gate3,Gate4,Gate5,Gate6,Gate7,Gate8,Gate9,Gate10,Gate11,Gate12,Gate13,Gate14,
1,L,624.5,0.0,0.100555,0.254309,0.684473,0.791337,0.949436,1.074659,1.188585,1.302279,1.418686,1.541161,1.687896,1.807381,2.005421,2.103441,
2,R,702.6,0.0,0.030981,0.163471,0.212112,0.288495,0.393122,0.519491,0.700978,NA,1.401232,2.204433,3.591877,4.719324,4.84552,4.862002,
3,L,771.0,0.0,0.289046,1.173224,1.590092,2.139001,2.199586,2.259328,2.335031,2.445705,2.574803,2.769198,2.951025,2.999017,3.049876,3.081736,
4,R,832.2,0.0,0.029808,0.094935,NA,NA,NA,0.268573,NA,NA,NA,NA,-3.276662,NA,0.635572,15.273944,
5,L,916.2,NA,NA,NA,0.0,14.709654,14.743274,14.780739,14.820807,14.862483,14.913667,14.978515,15.033775,15.09608,15.163862,15.212433,
6,R,1005.7,0.0,0.212253,0.683259,1.000639,1.255689,NA,1.492161,1.654229,NA,NA,NA,-14.811249,3.443606,4.083247,5.228798,
7,L,1060.6,0.0,0.531666,0.72262,1.150809,1.502126,1.786971,2.175363,2.702345,3.140832,3.605641,3.878827,4.254335,4.678361,4.726359,4.761749,
8,R,1108.4,0.0,0.044678,0.068329,0.115572,0.141524,0.181806,0.20617,0.244693,0.273632,0.300499,0.330581,NA,0.400002,0.43653,0.455314,
9,L,1164.9,0.0,0.254249,NA,0.799278,2.879635,2.938689,2.967447,3.018754,3.054375,3.083334,3.131366,3.160085,3.219637,3.288021,3.307343,
START_TIME,1595992527.0,
END_TIME,1595993719.0,
TOTAL_TIME,1191.8