BURST_NUMBER,ORIENTATION,START_TIME,Gate0,Gate1,Gate2,Gate3,Gate4,Gate5,Gate6,Gate7,Gate8,Gate9,Gate10,Gate11,Gate12,Gate13,Gate14,
1,R,678.2,0.0,0.149385,0.337689,0.594604,0.980525,1.593021,2.018239,2.545438,2.934958,3.362019,3.73866,4.155053,4.478153,4.723148,4.853188,
2,L,752.8,NA,NA,NA,0.0,4.84587,5.093855,5.361931,6.032801,6.39922,6.707006,6.950308,7.124301,7.418986,7.598463,7.69551,
3,R,831.8,0.0,0.028604,NA,0.255514,0.390549,0.506168,0.63904,0.757843,0.883015,1.00862,1.137669,NA,1.412823,1.559223,1.65524,
4,L,955.0,0.0,0.071148,0.275866,0.430621,0.56636,0.714693,0.840302,1.235087,1.253515,1.451916,1.693665,1.88974,NA,2.203928,2.263016,
5,R,1047.4,0.0,0.226867,0.384865,0.537822,0.68072,0.80323,0.922641,1.012966,1.1291,1.231776,1.355557,1.491574,1.606611,1.721301,1.805911,
6,L,1092.3,0.0,0.099448,0.270257,0.443425,0.711976,1.151204,1.320059,1.457969,1.578524,1.717068,1.846077,2.00196,2.14592,2.34769,2.475565,
7,R,1140.7,0.0,0.067473,0.289397,0.466255,0.5957,0.746998,0.87675,0.992101,1.132656,1.337964,1.536301,1.770756,2.003975,2.201947,2.413142,
8,L,1173.6,0.0,0.135152,0.349764,0.621238,1.068621,1.218828,1.342569,1.511201,1.671926,1.793285,1.93444,2.086145,2.203761,2.351608,2.433745,
9,R,1211.0,0.0,0.155752,0.184595,0.232287,0.308144,0.363453,0.406582,0.46209,0.526728,0.60817,0.715956,0.817109,0.913231,0.998058,1.046357,
START_TIME,1595993756.0,
END_TIME,1595994980.0,
TOTAL_TIME,1224.2