BURST_NUMBER,ORIENTATION,START_TIME,Gate0,Gate1,Gate2,Gate3,Gate4,Gate5,Gate6,Gate7,Gate8,Gate9,Gate10,Gate11,Gate12,Gate13,Gate14,
1,L,590.2,0.0,0.040211,0.113592,0.23096,0.361011,0.547916,0.775425,0.847023,0.908184,0.989345,1.102954,1.232093,1.41597,1.676748,1.794952,
2,R,617.0,0.0,0.166192,0.841796,1.155374,1.553842,NA,1.805119,1.914192,1.993941,2.071411,2.149447,2.249561,2.314177,2.395177,2.458408,
3,L,679.5,0.0,0.20987,0.476497,0.774707,1.216328,1.891548,2.08647,2.186299,2.250725,2.302654,2.384715,2.431858,2.514558,2.602739,2.634352,
4,R,740.8,0.0,0.03433,0.162202,0.378586,0.658892,0.727762,0.831588,1.03519,1.283388,1.48163,1.755797,2.112636,2.672173,3.032646,3.452379,
5,L,796.1,0.0,0.163543,0.437329,0.521493,0.611995,0.691891,0.743964,0.810955,0.870323,0.934035,1.007264,1.073559,1.140992,1.205749,1.222,
6,R,866.8,0.0,0.207924,0.750384,1.314512,1.497759,2.484855,NA,NA,NA,NA,NA,NA,NA,4.99121,4.869223,
7,R,927.9,0.0,0.466794,1.743331,12.141091,NA,NA,NA,NA,NA,NA,NA,NA,NA,14.615814,14.515488,
8,R,1002.4,0.0,0.128573,0.675193,1.965752,2.066365,2.140149,2.204554,2.277396,2.354986,2.440983,2.519759,2.624739,2.740958,2.852007,2.936661,
START_TIME,1595995103.0,
END_TIME,1595996147.0,
TOTAL_TIME,1044.1