BURST_NUMBER,ORIENTATION,START_TIME,Gate0,Gate1,Gate2,Gate3,Gate4,Gate5,Gate6,Gate7,Gate8,Gate9,Gate10,Gate11,Gate12,Gate13,Gate14,
1,R,618.1,0.0,0.138933,0.700509,1.338139,1.64567,1.841567,2.019788,2.220852,2.384857,2.531063,2.669578,2.824764,3.270851,3.405387,3.858257,
2,L,654.5,0.0,0.131058,0.505016,0.978236,1.683279,2.224879,2.632274,3.982989,NA,NA,NA,NA,NA,11.016058,10.880377,
3,L,720.5,0.0,0.068477,0.244823,0.47659,0.609564,0.722519,0.836193,0.950871,1.089709,1.205641,1.335605,1.437455,1.574852,1.640082,1.67509,
4,R,787.5,0.0,0.139809,0.231779,0.275611,NA,NA,0.482214,NA,0.814884,NA,0.952546,1.135338,NA,1.376271,1.446053,
5,R,880.1,0.0,0.49733,1.771635,2.583764,6.030023,6.095857,6.184571,6.278442,6.392028,6.534628,6.758276,7.087294,7.590802,8.549348,9.795866,
6,L,923.6,0.0,0.08154,0.215347,0.362856,0.567314,0.895531,1.4592,4.104546,4.157571,4.236669,4.293124,4.341296,4.388777,4.442543,4.49028,
7,R,980.6,0.0,NA,0.276228,0.400834,0.515256,0.666475,0.790988,0.932596,1.083825,1.28121,1.447498,1.610803,1.771072,1.983571,2.17605,
8,L,1039.2,0.0,0.546545,1.754495,4.890587,4.989971,5.059316,5.110036,5.164994,5.221163,5.304423,5.383596,5.487069,5.536166,5.598477,5.634241,
START_TIME,1595996205.0,
END_TIME,1595997273.0,
TOTAL_TIME,1068.2