BURST_NUMBER,ORIENTATION,START_TIME,Gate0,Gate1,Gate2,Gate3,Gate4,Gate5,Gate6,Gate7,Gate8,Gate9,Gate10,Gate11,Gate12,Gate13,Gate14,
1,R,865.9,0.0,0.320469,1.259324,1.962486,2.172826,2.305224,2.535782,2.95808,3.430913,4.237755,4.434335,4.912275,5.425301,6.61219,7.276479,
2,L,927.0,0.0,0.334547,0.532186,0.726269,0.945909,1.091151,1.27216,1.538983,1.953482,2.573669,3.124376,3.720368,4.919196,6.038344,6.20164,
3,R,978.3,0.0,0.215132,1.146619,2.642584,3.463513,3.86055,4.197931,4.820832,6.452645,6.666201,6.892814,7.201573,7.549971,7.711328,7.779166,
4,L,1037.1,0.0,0.098012,0.414624,0.98011,1.408643,1.62666,1.681073,1.737388,1.801717,NA,NA,NA,1.993641,2.046288,2.080531,
5,R,1097.4,0.0,0.090835,0.303805,0.568008,1.048173,NA,1.858678,NA,2.044789,2.217339,2.232771,2.344849,2.4549,2.573245,2.637688,
6,L,1163.5,0.0,0.458805,2.293223,24.080184,24.497933,24.644081,24.698535,24.771026,24.82884,24.878509,24.927843,24.977084,25.040937,25.109102,25.12451,
7,R,1242.3,0.0,0.10642,0.777925,NA,NA,1.797966,2.025758,NA,11.710276,NA,12.256888,12.662208,13.169802,13.908007,14.150159,
8,L,1299.9,0.0,0.689195,1.376236,1.846409,NA,2.040422,2.189807,NA,2.625943,3.178743,3.353294,3.610915,3.607534,3.805356,3.888593,
9,R,1344.0,0.0,0.166023,0.470299,0.734519,0.897085,1.054591,1.187036,1.304114,1.476496,1.644378,1.761855,1.872219,1.967428,2.049502,2.111746,
START_TIME,1595997327.0,
END_TIME,1595998686.0,
TOTAL_TIME,1358.8