BURST_NUMBER,ORIENTATION,START_TIME,Gate0,Gate1,Gate2,Gate3,Gate4,Gate5,Gate6,Gate7,Gate8,Gate9,Gate10,Gate11,Gate12,Gate13,Gate14,
1,R,150.1,0.0,0.014571,0.062628,0.097025,0.14378,0.221396,0.273784,0.315798,0.367466,0.413847,0.470439,0.508161,0.559914,0.608957,0.627232,
2,L,232.9,0.0,0.129202,NA,0.470796,0.901522,NA,1.37951,NA,1.871063,NA,NA,NA,3.558546,4.395636,4.542743,
3,R,284.0,0.0,0.278211,1.657679,2.013739,2.208824,2.520873,3.036539,3.218711,3.359703,3.627672,4.035145,4.663257,5.228274,5.373336,5.518022,
4,L,348.4,0.0,0.509698,1.213644,2.038183,2.088279,NA,NA,NA,2.286728,2.315462,2.365746,2.417504,2.482097,2.531208,2.558831,
5,R,404.5,0.0,0.258454,1.780014,2.532232,2.611959,2.718889,2.796932,2.849181,2.907714,2.986735,3.057875,3.121973,3.18677,3.270832,3.314859,
6,L,453.8,0.0,0.110508,NA,0.397204,0.470626,NA,1.006256,NA,1.11894,NA,NA,NA,2.186162,2.727172,2.935142,
7,R,515.4,0.0,0.163482,0.204411,NA,NA,NA,1.111437,NA,NA,NA,2.613119,3.104334,3.900707,4.047584,4.421647,
8,L,577.5,NA,0.0,0.098997,0.262242,0.417953,0.517852,0.613586,0.709638,0.793633,0.89858,0.975327,1.083483,1.179009,1.292689,1.360631,
START_TIME,1596001746.0,
END_TIME,1596002402.0,
TOTAL_TIME,656.1