BURST_NUMBER,ORIENTATION,START_TIME,Gate0,Gate1,Gate2,Gate3,Gate4,Gate5,Gate6,Gate7,Gate8,Gate9,Gate10,Gate11,Gate12,Gate13,Gate14,
1,L,601.5,NA,NA,NA,0.0,12.715454,12.876342,13.031333,13.168184,13.300191,13.422609,13.629426,13.930428,14.212291,14.632814,14.782228,
2,R,694.0,0.0,0.107326,0.645159,1.383428,1.523725,1.811322,2.248261,2.328143,2.377172,2.427853,2.494338,2.583697,2.697795,2.908843,3.057192,
3,L,751.7,0.0,0.0985,0.299838,0.695493,1.463443,2.894102,2.971493,3.031563,3.101927,3.179506,3.282222,3.405795,3.675133,3.948379,4.079504,
4,R,802.2,0.0,0.335816,0.429266,0.541111,0.71716,0.960971,1.272751,1.56781,1.901789,2.298957,2.803396,3.31895,4.301672,5.245418,5.928165,
5,L,861.2,0.0,0.093124,0.424177,0.674344,0.989187,1.586862,1.884254,2.429777,3.730854,4.620662,5.559734,5.739581,5.869869,6.051004,6.119133,
6,R,910.2,0.0,0.039255,0.110535,0.23901,0.348628,0.459947,0.553041,0.658303,0.840734,0.984419,1.143563,1.309941,1.453287,1.615027,1.743675,
7,L,954.4,0.0,0.352009,2.435184,3.037532,3.103553,3.202152,3.295757,3.382117,3.465232,3.549213,3.64386,3.737402,3.867979,4.05942,4.123035,
8,R,1021.4,0.0,0.200116,0.506878,0.867867,1.340875,1.644843,1.918748,2.014975,2.147285,2.252841,2.415952,2.642575,2.982823,3.25661,3.452299,
9,L,1079.1,0.0,0.106652,0.330315,0.474262,0.621159,0.830935,0.988227,1.229859,1.457832,1.881503,2.362846,2.668537,2.944133,6.191965,6.194457,
10,L,1114.6,0.0,0.045863,0.106766,NA,NA,NA,NA,NA,0.396019,0.452127,0.534386,0.579684,0.651558,0.736891,0.767675,
START_TIME,1596004922.0,
END_TIME,1596006073.0,
TOTAL_TIME,1151.1