BURST_NUMBER,ORIENTATION,START_TIME,Gate0,Gate1,Gate2,Gate3,Gate4,Gate5,Gate6,Gate7,Gate8,Gate9,Gate10,Gate11,Gate12,Gate13,Gate14,
1,R,589.7,0.0,0.078749,0.192019,0.241336,0.287783,0.351047,0.39508,0.439102,0.473599,0.541913,0.673095,0.835363,1.035348,1.099757,1.135153,
2,L,631.2,0.0,0.060282,0.189209,0.399368,0.805398,1.483995,1.752469,1.786332,1.8366,1.868112,1.919315,1.966494,2.020799,2.063418,2.072505,
3,R,686.4,0.0,0.082486,0.275125,0.34961,0.439306,0.574099,0.680158,0.779847,0.897369,1.081154,1.51638,2.342414,3.686475,4.60317,5.248645,
4,L,754.4,0.0,1.638155,4.540826,4.628094,4.759435,4.820645,4.95882,5.075196,5.222074,5.407387,5.499503,5.606237,5.702467,5.870584,5.982877,
5,R,824.8,0.0,0.016342,0.09879,0.131996,0.186534,0.214127,0.257297,0.311581,0.364572,0.407782,0.481642,0.595234,0.670989,0.789676,0.838915,
6,L,873.4,0.0,0.044279,0.17151,0.390367,0.542194,0.727937,0.884009,1.204787,1.954959,3.261863,4.322519,4.871079,5.066445,5.148365,5.213922,
7,R,935.8,0.0,0.091329,0.448113,0.72757,1.005138,1.261563,1.38666,1.465547,1.522986,1.710002,1.935692,2.292822,2.672127,3.309436,3.662088,
8,L,1013.8,0.0,0.091984,0.252826,0.363432,0.467316,0.694379,0.756273,0.850864,0.907789,0.955871,0.987667,1.020673,1.066503,1.114669,1.1336,
START_TIME,1596006155.0,
END_TIME,1596007187.0,
TOTAL_TIME,1032.9