BURST_NUMBER,ORIENTATION,START_TIME,Gate0,Gate1,Gate2,Gate3,Gate4,Gate5,Gate6,Gate7,Gate8,Gate9,Gate10,Gate11,Gate12,Gate13,Gate14,
1,R,593.6,0.0,0.058587,0.315123,0.662778,1.275261,1.730692,2.054848,2.440977,2.513538,2.605644,2.752077,2.997106,3.449203,4.146507,4.618539,
2,L,658.2,0.0,0.305861,0.756462,0.823439,0.926686,1.139001,1.472806,2.076801,3.127484,4.330147,5.016009,5.888002,6.040277,6.270299,6.365565,
3,R,719.2,0.0,0.053008,0.152548,0.250034,0.32074,0.423718,0.566183,0.758686,1.043237,1.541273,2.43049,3.150513,3.392988,3.555135,3.701362,
4,L,767.9,0.0,0.256848,1.284514,11.9969,12.294941,13.60047,14.277656,14.722315,15.486803,15.544369,15.597046,15.678734,15.744742,15.821448,15.837512,
5,R,836.5,0.0,0.077216,0.382848,0.568571,0.680825,0.851522,1.06406,1.302279,1.402348,1.543387,1.748479,2.003086,2.516777,3.934844,4.911985,
6,L,898.8,0.0,0.010229,0.095804,0.124124,0.16951,0.206081,0.230362,0.287401,0.33133,0.399097,0.445496,0.519642,0.603725,0.715527,0.750829,
7,R,940.6,0.0,0.070806,0.394856,0.766459,1.401256,1.511156,1.59038,1.695921,1.878922,2.112739,2.476279,3.120653,3.266457,3.628099,3.965509,
8,L,977.4,0.0,0.124704,0.502723,1.086941,1.746997,1.8512,1.941076,2.071632,2.292184,2.611229,3.17727,4.2698,5.914732,6.91865,6.965096,
9,R,1049.1,NA,NA,0.0,7.892805,7.935615,8.031936,8.172738,8.362281,8.676668,8.830354,8.982514,9.160149,9.802633,10.130361,10.729975,
10,L,1128.9,NA,NA,NA,0.0,4.013177,6.007955,6.07854,6.136495,6.226887,6.376455,6.664913,7.159523,7.979556,9.436479,9.485037,
11,R,1217.1,0.0,0.007327,0.08595,0.166023,0.223619,0.300222,0.353351,0.432519,0.513262,0.608185,0.769505,1.070146,1.426284,1.570095,1.638231,
START_TIME,1596007242.0,
END_TIME,1596008546.0,
TOTAL_TIME,1304.5