BURST_NUMBER,ORIENTATION,START_TIME,Gate0,Gate1,Gate2,Gate3,Gate4,Gate5,Gate6,Gate7,Gate8,Gate9,Gate10,Gate11,Gate12,Gate13,Gate14,
1,R,37.4,0.0,NA,0.077817,1.267836,1.98025,2.064948,2.222393,2.44236,2.884617,3.948671,5.066969,6.099694,6.61654,6.945531,7.446135,
2,L,165.2,0.0,0.17282,0.461819,0.676673,0.857371,1.210349,1.495564,1.676677,1.851193,1.979211,2.166312,2.274464,2.503486,2.716938,2.765203,
3,R,196.1,NA,NA,NA,NA,NA,NA,NA,NA,NA,NA,NA,NA,NA,NA,0.0,
4,L,269.3,0.0,0.11208,0.477802,0.953359,1.249094,1.944373,NA,NA,NA,NA,NA,NA,NA,NA,11.697401,
5,L,342.6,0.0,0.225638,0.489332,0.684567,1.027003,1.338444,1.512377,1.633175,1.730221,1.886233,2.340538,2.585441,2.913763,3.304994,3.729645,
6,R,429.5,0.0,0.061967,0.103757,0.153839,0.197952,0.23801,0.303134,0.383514,0.519725,0.647075,0.801866,0.922624,1.082772,1.283203,1.414199,
7,L,493.8,0.0,0.048225,0.268088,0.422626,0.597045,0.771423,1.234026,1.689758,3.578581,4.051321,4.092718,4.155813,4.208278,4.294683,4.32451,
8,R,546.1,0.0,0.025532,0.061404,0.110302,0.181838,0.262093,0.360649,0.459535,0.563944,0.700159,0.846681,0.958945,1.090378,1.187606,1.270186,
9,L,592.0,NA,NA,NA,0.0,20.500348,20.590722,20.698904,20.807418,20.862335,20.979429,21.134256,21.299599,21.477663,21.733031,21.812947,
START_TIME,1596011250.0,
END_TIME,1596011905.0,
TOTAL_TIME,654.9