BURST_NUMBER,ORIENTATION,START_TIME,Gate0,Gate1,Gate2,Gate3,Gate4,Gate5,Gate6,Gate7,Gate8,Gate9,Gate10,Gate11,Gate12,Gate13,Gate14,
1,R,55.5,0.0,0.046438,0.081332,0.132668,0.162532,0.20724,0.253026,0.289546,0.33407,0.382179,0.453082,0.512594,0.567437,0.631723,0.678484,
2,L,114.4,0.0,0.056422,0.202184,0.368078,0.632947,1.237174,2.225075,2.369931,2.435749,2.517705,2.573156,2.637265,2.686515,2.754921,2.790513,
3,R,177.2,0.0,5.151213,5.571557,5.906207,6.376408,7.525582,7.884906,8.580763,9.147751,9.407794,9.56744,9.749513,9.909802,10.139985,10.359954,
4,L,225.1,NA,0.0,18.605629,18.670117,18.69996,18.742529,18.780288,18.829834,18.901884,18.958215,19.002217,19.066363,19.148967,19.226171,19.245167,
5,R,316.5,0.0,0.154961,1.371471,1.787461,1.96713,2.315814,3.188998,3.898197,NA,3.913614,4.010334,4.164664,4.367175,4.963623,5.386395,
6,L,365.0,0.0,0.421544,0.910147,1.40133,1.863672,NA,2.076714,NA,2.217522,2.287864,2.34259,2.410834,2.492725,2.570879,2.622528,
7,R,448.7,0.0,0.204196,0.306324,NA,NA,NA,0.508273,NA,0.610833,0.691105,0.794607,0.938006,1.069095,1.154708,1.201878,
8,L,518.7,NA,NA,NA,0.0,9.441868,9.504665,9.543421,9.582056,9.640768,9.703644,9.772287,9.851024,9.946583,10.015913,10.067978,
START_TIME,1596013856.0,
END_TIME,1596014447.0,
TOTAL_TIME,591.3