BURST_NUMBER,ORIENTATION,START_TIME,Gate0,Gate1,Gate2,Gate3,Gate4,Gate5,Gate6,Gate7,Gate8,Gate9,Gate10,Gate11,Gate12,Gate13,Gate14,
1,R,482.9,0.0,NA,0.653557,1.218329,1.278331,1.327306,1.378386,1.428422,NA,NA,NA,-7.625535,1.690724,1.750279,1.802079,
2,L,592.1,0.0,0.115168,1.054437,2.148149,2.207245,2.234659,2.277177,2.338678,2.370422,2.422972,2.471848,2.521856,2.558948,2.60983,2.628692,
3,R,664.6,0.0,0.336728,0.507978,0.740754,1.286439,1.59088,1.94866,2.76662,2.82512,2.876221,2.933737,3.031335,3.068489,3.121474,3.169581,
4,L,723.7,0.0,0.50696,0.629136,0.739109,0.839853,0.938521,1.02896,1.115657,1.234733,1.310723,1.390339,1.505946,1.587696,1.668571,1.716512,
5,R,767.7,0.0,0.111615,0.716745,1.618465,2.261678,2.378251,2.51748,2.635717,NA,NA,3.089505,3.284298,3.451034,3.611932,3.740657,
6,L,809.3,0.0,0.018286,0.104329,0.228104,0.385469,0.638247,0.878917,1.015931,1.142243,1.337424,1.499852,1.581738,1.744354,2.079484,2.306676,
7,R,868.0,0.0,0.25479,1.444617,1.71635,2.159748,2.452242,2.547823,2.614356,NA,NA,NA,0.816855,2.863763,2.894747,2.928525,
8,L,916.4,NA,NA,NA,0.0,7.418298,7.462678,7.507304,7.556767,7.616711,7.657853,7.705059,7.767481,7.814478,7.865982,7.897802,
START_TIME,1596016017.0,
END_TIME,1596016981.0,
TOTAL_TIME,964.2