BURST_NUMBER,ORIENTATION,START_TIME,Gate0,Gate1,Gate2,Gate3,Gate4,Gate5,Gate6,Gate7,Gate8,Gate9,Gate10,Gate11,Gate12,Gate13,Gate14,
1,L,38.1,NA,NA,NA,0.0,4.357249,4.551038,4.695068,4.838377,5.057744,5.233537,5.427288,5.61709,5.900268,6.4455,7.10226,
2,R,110.6,0.0,NA,NA,NA,NA,0.434407,0.431571,0.54711,0.661069,0.806206,0.937698,1.017523,1.112823,1.232498,1.298761,
3,L,172.4,0.0,0.57279,1.600245,1.903405,2.189957,NA,2.366268,2.424909,2.483507,2.539615,2.578319,2.629359,2.677978,2.709919,2.741873,
4,R,255.3,0.0,0.176641,1.583327,2.224645,2.878282,2.962293,3.103004,3.175589,3.242339,3.32408,3.412564,3.498358,3.624243,3.791249,16.588874,
5,L,332.6,0.0,NA,NA,NA,0.690152,0.778274,1.08648,NA,NA,NA,NA,1.537598,1.554118,1.647719,1.700453,
6,R,425.6,0.0,NA,0.27271,0.473617,0.918196,1.654538,2.24368,2.484331,2.735678,3.171293,3.419442,3.716076,4.620855,5.254483,5.448253,
7,L,508.5,0.0,12.29415,12.620065,13.098006,13.937183,14.495741,14.79451,14.958287,15.001581,15.048998,15.110094,15.164788,15.212695,15.261071,15.280034,
8,R,554.6,0.0,0.095906,0.393945,0.878601,1.310886,1.613127,1.935354,2.141182,2.435943,2.701737,2.927603,3.193991,3.436499,3.635923,3.796328,
START_TIME,1596017640.0,
END_TIME,1596018219.0,
TOTAL_TIME,578.9