BURST_NUMBER,ORIENTATION,START_TIME,Gate0,Gate1,Gate2,Gate3,Gate4,Gate5,Gate6,Gate7,Gate8,Gate9,Gate10,Gate11,Gate12,Gate13,Gate14,
1,L,597.3,0.0,0.162141,1.243281,2.257944,2.854145,3.017722,3.163752,3.431697,3.959039,NA,NA,NA,5.538537,6.06315,6.132969,
2,R,655.8,0.0,0.334297,0.377951,0.455405,0.607104,0.847908,1.232432,1.613751,1.772854,1.891212,2.037488,2.248715,2.657739,3.301423,3.610049,
3,L,721.6,0.0,0.103541,0.209616,0.397809,0.677368,0.895509,1.07206,1.253186,1.46408,1.604761,1.879945,2.22626,2.586938,2.781024,2.85794,
4,R,778.0,0.0,0.054067,0.110122,0.171028,0.259156,0.360798,0.407068,0.456935,0.521708,0.562507,0.636275,0.685293,NA,NA,0.847049,
5,L,832.9,0.0,0.101331,0.252145,0.497959,0.960236,1.518044,1.794007,1.997971,2.186898,2.423423,NA,NA,3.416874,3.548626,3.617559,
6,R,914.3,0.0,0.093513,0.311993,0.685726,1.49846,NA,NA,NA,NA,NA,NA,NA,NA,NA,9.364546,
7,R,964.3,0.0,9.350348,11.707245,11.846753,12.305671,12.979573,13.613775,NA,14.563778,14.810864,15.101102,15.28185,15.474024,15.734664,15.948375,
8,L,1087.2,0.0,0.056646,0.104077,0.223094,0.275321,0.350374,0.415928,0.492623,0.577594,0.656501,0.757789,0.887391,1.007141,1.107879,1.159556,
9,R,1134.4,0.0,0.078046,0.407959,1.140787,2.483531,2.856352,3.050159,3.165139,3.310905,3.451743,3.645007,3.897367,4.31292,4.654426,4.890877,
10,L,1178.0,0.0,NA,0.356057,0.430187,0.542021,0.664466,0.788072,0.906487,1.025705,1.158413,1.289839,1.418907,1.550894,1.681881,1.748353,
START_TIME,1596019359.0,
END_TIME,1596020585.0,
TOTAL_TIME,1226.1