BURST_NUMBER,ORIENTATION,START_TIME,Gate0,Gate1,Gate2,Gate3,Gate4,Gate5,Gate6,Gate7,Gate8,Gate9,Gate10,Gate11,Gate12,Gate13,Gate14,
1,R,463.0,NA,0.0,3.897649,4.029547,4.208365,4.369894,4.552873,4.73003,5.17008,6.474514,7.550861,7.850925,8.271685,8.708816,8.855985,
2,L,510.5,0.0,0.464176,2.365632,3.418563,3.510896,NA,3.725043,3.845713,4.121615,4.68116,6.113241,NA,NA,13.239835,13.161545,
3,L,588.4,0.0,1.118173,1.895495,2.584922,4.168088,NA,NA,NA,NA,NA,NA,NA,NA,NA,10.844447,
4,L,647.4,0.0,0.054051,0.201504,0.360603,0.437523,0.564973,0.673912,0.80268,0.954249,1.129531,1.367827,1.75665,2.496614,3.710857,4.083657,
5,R,702.4,0.0,0.397393,0.658711,0.831602,0.941024,1.024018,1.129742,1.238446,1.3656,1.595032,1.887168,2.035088,2.235591,2.438841,2.744601,
6,L,746.7,0.0,0.406708,0.910659,1.102963,1.132652,1.218263,1.266114,1.380234,1.471256,1.592661,1.743004,1.840413,1.986187,2.184638,2.316075,
7,R,810.2,0.0,0.204092,21.479584,22.164114,22.803478,22.86645,22.929669,22.994999,23.056268,23.12212,23.168581,23.222446,23.288982,23.354655,23.386471,
8,L,878.3,0.0,0.1449,0.784511,2.236568,2.623489,3.362475,4.843468,4.95818,5.047602,5.1745,5.317423,5.473489,5.666822,5.866189,5.968471,
START_TIME,1596020787.0,
END_TIME,1596021684.0,
TOTAL_TIME,897.0