BURST_NUMBER,ORIENTATION,START_TIME,Gate0,Gate1,Gate2,Gate3,Gate4,Gate5,Gate6,Gate7,Gate8,Gate9,Gate10,Gate11,Gate12,Gate13,Gate14,
1,L,517.1,0.0,0.103468,0.211722,0.372005,0.589371,0.803083,0.987943,1.015439,1.025327,1.143639,1.307007,1.517588,1.754072,2.174801,2.367914,
2,R,586.3,0.0,0.212777,1.028373,1.239652,1.482609,1.795265,2.263079,2.891819,3.815013,4.301822,4.689502,4.755564,4.838289,4.930885,4.978958,
3,L,637.4,0.0,0.861504,NA,NA,1.922696,2.112999,2.371595,2.758379,3.152495,3.674642,4.162072,4.91824,5.660729,6.539445,6.688845,
4,R,702.1,0.0,0.12592,0.433683,0.602415,0.712652,0.848286,1.000719,1.237735,1.580809,2.090754,3.324211,4.101254,4.405961,4.653449,4.740426,
5,L,758.1,0.0,0.051967,0.123234,0.224205,0.356284,0.762302,0.963063,1.238068,1.491802,1.880708,2.526085,3.101922,3.613557,3.849992,3.997686,
6,R,821.4,0.0,0.162272,1.037788,1.587066,1.781025,1.893495,2.194378,3.165886,5.0122,5.160128,5.326848,5.815695,6.803695,7.175102,7.320875,
7,R,918.0,0.0,0.590168,4.18352,29.952887,30.626649,30.736345,30.845652,30.953563,31.199479,31.364046,31.45845,31.56823,31.681697,31.796282,31.864855,
8,L,999.3,0.0,0.155431,0.232361,0.270386,0.292424,0.339162,0.358935,0.385053,0.428712,0.440657,0.47333,0.516462,0.548153,0.580158,0.5828,
START_TIME,1596021796.0,
END_TIME,1596022814.0,
TOTAL_TIME,1018.1