BURST_NUMBER,ORIENTATION,START_TIME,Gate0,Gate1,Gate2,Gate3,Gate4,Gate5,Gate6,Gate7,Gate8,Gate9,Gate10,Gate11,Gate12,Gate13,Gate14,
1,L,640.4,0.0,0.124826,0.174795,0.218995,NA,NA,NA,NA,0.422712,NA,NA,NA,0.700802,0.80467,0.840383,
2,R,700.7,0.0,0.378151,0.827637,1.08561,1.603034,2.728594,2.788237,2.86664,2.948142,3.04031,3.195393,3.373474,3.918061,4.36586,4.896844,
3,L,735.5,0.0,0.239168,0.660844,0.97217,1.249365,1.514821,1.925227,2.514688,3.143443,3.576313,3.751054,3.901995,4.025618,4.142935,4.207786,
4,R,781.9,0.0,0.1596,0.318211,0.447983,0.604203,0.856194,1.187272,1.691883,NA,NA,NA,-7.338268,2.684549,2.935705,3.048096,
5,L,842.6,0.0,0.282127,0.371852,0.504105,0.804511,1.09823,1.756808,2.047112,2.19524,2.697875,2.863508,3.095943,3.651578,4.829875,6.070461,
6,R,900.1,0.0,0.052602,0.126409,0.175148,0.220174,0.270578,0.33031,0.39498,0.439026,0.52138,0.58413,0.786586,0.963519,1.111436,1.180481,
7,L,939.6,0.0,0.131182,0.372033,0.633227,0.949342,1.601806,2.263341,2.460443,2.609108,2.725383,2.837837,2.980666,3.126997,3.336268,3.4845,
8,R,1028.2,NA,0.0,2.416101,2.45185,NA,NA,2.595577,NA,2.710733,2.780296,2.878108,3.091708,3.255639,3.272041,3.287601,
START_TIME,1596022870.0,
END_TIME,1596023936.0,
TOTAL_TIME,1066.6