BURST_NUMBER,ORIENTATION,START_TIME,Gate0,Gate1,Gate2,Gate3,Gate4,Gate5,Gate6,Gate7,Gate8,Gate9,Gate10,Gate11,Gate12,Gate13,Gate14,
1,R,596.1,0.0,0.075988,0.21172,NA,NA,NA,1.09766,NA,1.535928,1.820827,2.225846,2.458054,2.790348,3.18816,3.522874,
2,L,661.7,0.0,1.336487,5.215695,5.327681,5.563469,5.950284,6.119282,6.358191,6.58967,6.858238,7.054984,7.282549,7.509481,7.672065,7.75273,
3,R,705.0,NA,0.0,17.204463,17.241684,17.291151,17.32273,17.366445,17.395396,17.439274,17.486532,17.521447,17.586758,17.653496,17.718686,17.770394,
4,L,794.3,0.0,0.123147,0.203922,0.227322,0.273875,0.333364,0.378239,0.419847,0.453756,0.502783,0.551588,0.607483,0.656119,0.723654,0.758875,
5,R,830.0,0.0,0.292171,NA,NA,0.898892,1.056187,1.231343,1.357465,1.559236,1.821924,2.099723,2.43811,3.045371,3.375666,3.650202,
6,L,896.4,0.0,2.393402,3.05809,3.192123,3.410576,3.619853,3.770283,3.968226,4.155517,4.308399,4.54139,5.019451,5.256431,5.453235,5.52126,
7,R,943.2,0.0,0.288895,0.875651,1.46226,1.810797,NA,NA,NA,2.441678,2.497676,2.537786,2.574846,2.629404,2.677701,2.712451,
8,L,993.7,0.0,3.210433,5.069578,8.131528,8.805036,8.872929,8.951877,9.031568,9.117556,9.210881,9.297204,9.343568,9.427956,9.521432,9.556963,
START_TIME,1596025090.0,
END_TIME,1596026125.0,
TOTAL_TIME,1034.5