BURST_NUMBER,ORIENTATION,START_TIME,Gate0,Gate1,Gate2,Gate3,Gate4,Gate5,Gate6,Gate7,Gate8,Gate9,Gate10,Gate11,Gate12,Gate13,Gate14,
1,L,662.1,0.0,0.055128,0.18627,0.289961,0.386671,0.501751,0.569289,0.687425,0.812851,0.985987,1.269082,3.084396,5.510094,6.12567,6.191336,
2,R,717.4,0.0,0.122479,0.347184,0.591086,0.916757,1.578556,NA,NA,NA,NA,-14.015494,3.426297,3.506742,3.542408,3.561456,
3,L,772.4,0.0,0.06423,0.22075,0.372,0.488486,0.613864,0.713341,0.84165,1.026499,1.397757,2.559133,2.807212,2.948014,3.034066,3.069105,
4,R,845.8,0.0,0.327679,0.414947,NA,0.680418,0.701557,0.790432,0.882819,0.969755,1.08391,1.274169,1.501073,1.627985,1.715591,1.760841,
5,L,892.8,0.0,0.124284,0.460916,1.740788,2.944658,NA,NA,NA,NA,NA,NA,NA,NA,8.210736,8.125629,
6,L,963.1,0.0,0.459023,1.779489,2.299429,2.615644,3.518967,4.327651,NA,4.891425,4.932251,5.008759,5.089871,5.154514,5.202315,5.237748,
7,R,1023.0,0.0,0.018783,0.077748,0.127036,0.193642,0.241635,NA,NA,NA,NA,-15.2081,0.586244,0.6333,0.686168,0.701946,
8,L,1084.3,0.0,0.1391,53.147719,53.327709,53.441672,53.565431,53.626148,53.694214,53.750217,53.83681,53.892348,53.936273,54.021087,54.066887,54.085766,
START_TIME,1596028057.0,
END_TIME,1596029223.0,
TOTAL_TIME,1165.1