BURST_NUMBER,ORIENTATION,START_TIME,Gate0,Gate1,Gate2,Gate3,Gate4,Gate5,Gate6,Gate7,Gate8,Gate9,Gate10,Gate11,Gate12,Gate13,Gate14,
1,R,656.5,0.0,0.164122,0.403102,0.45246,0.506621,0.541687,0.572679,0.627663,0.684542,0.739658,0.780614,0.89605,0.950657,0.998872,1.017776,
2,L,708.4,0.0,0.161292,0.467642,0.888311,1.584132,1.745312,1.789127,1.841483,1.926477,2.020085,2.165632,2.353333,2.611383,2.917849,2.982325,
3,R,762.4,0.0,0.054546,0.135814,0.284458,0.472722,0.659925,0.840787,1.090707,1.27912,1.426583,1.586248,1.764653,2.174364,2.547715,2.994506,
4,L,807.9,0.0,0.060352,0.285349,0.360811,0.484549,0.671447,0.898652,1.224164,1.572107,1.739207,1.875246,2.038896,2.213762,2.341295,2.389562,
5,R,858.7,0.0,0.102573,0.413879,0.691844,1.063816,1.437585,1.852156,1.91318,1.970976,2.064133,2.177029,2.29304,2.52435,2.749748,2.897412,
6,L,923.5,0.0,0.151653,0.37068,0.600662,0.939589,1.086734,1.125885,1.182933,1.252021,1.312609,1.404452,1.498984,1.598963,1.761654,1.860291,
7,R,988.7,0.0,0.018684,0.100553,0.19553,0.32858,0.470248,0.624692,0.779305,0.893498,0.993577,1.084514,1.170704,1.266464,1.453373,1.520201,
8,L,1038.8,0.0,0.042174,0.23414,0.394786,0.505627,0.615257,0.722322,0.866918,1.053851,1.277524,1.529081,1.697258,1.880711,2.098952,2.147011,
START_TIME,1596029253.0,
END_TIME,1596030307.0,
TOTAL_TIME,1053.3