BURST_NUMBER,ORIENTATION,START_TIME,Gate0,Gate1,Gate2,Gate3,Gate4,Gate5,Gate6,Gate7,Gate8,Gate9,Gate10,Gate11,Gate12,Gate13,Gate14,
1,L,556.5,0.0,NA,1.21182,2.307942,2.673047,2.739577,2.799318,2.838349,2.907804,2.970901,3.025613,3.092522,3.175205,3.274694,11.638194,
2,R,718.9,0.0,1.639333,14.957401,NA,NA,NA,NA,NA,-20.343233,17.061073,17.450419,17.703083,17.811629,17.941503,18.021242,
3,L,767.6,0.0,0.534288,1.080985,1.395939,1.694373,1.982601,2.060824,2.173656,2.294299,2.408331,2.502228,2.59002,2.671488,2.780358,2.845618,
4,R,812.5,0.0,0.292985,0.369084,0.468287,0.629832,0.784091,0.862187,0.958378,1.051881,1.191837,1.45477,1.780588,2.256744,2.96531,3.629966,
5,L,851.2,0.0,0.185264,0.447792,0.695955,0.830719,0.953779,1.045275,1.139049,1.259483,1.394747,1.54124,1.677148,1.980541,2.567716,3.258728,
6,R,897.1,0.0,0.06594,0.253039,0.469453,0.657262,0.794145,0.945284,1.062337,1.224347,1.399924,1.582551,1.871657,2.247505,2.848096,3.657289,
7,L,947.1,0.0,0.418757,0.520147,0.685339,0.819417,0.955034,1.079642,1.191481,1.267294,1.345287,1.443709,1.550558,1.676978,1.840138,1.987028,
8,R,985.8,0.0,0.3685,0.450438,0.486361,0.524305,0.567121,0.591343,0.635408,0.68005,0.728601,0.774805,0.829304,0.894292,0.979903,1.027068,
START_TIME,1596032596.0,
END_TIME,1596033593.0,
TOTAL_TIME,997.0