BURST_NUMBER,ORIENTATION,START_TIME,Gate0,Gate1,Gate2,Gate3,Gate4,Gate5,Gate6,Gate7,Gate8,Gate9,Gate10,Gate11,Gate12,Gate13,Gate14,
1,L,235.2,NA,0.0,2.493908,2.544227,2.632346,2.687196,2.736558,2.767613,2.817603,2.862067,2.92426,2.984676,3.036835,3.085898,3.104858,
2,R,285.6,0.0,NA,1.831182,3.203352,3.421409,3.490987,3.615789,3.683402,3.744765,3.792077,3.881454,3.964382,4.046895,4.11294,4.179269,
3,L,374.1,0.0,NA,0.487036,1.441385,1.492011,1.558829,1.627586,1.748305,1.865525,2.052092,2.334085,2.714232,3.43599,4.594945,5.078073,
4,R,437.4,0.0,0.044769,0.166234,0.270228,0.387067,0.484746,0.595361,0.72544,0.91875,1.148504,1.474426,1.827311,2.118876,NA,2.757955,
5,L,488.1,0.0,NA,0.330872,0.775596,1.448276,2.020544,2.105718,2.349727,2.457493,2.604287,NA,2.930018,3.034512,3.182401,3.248359,
6,R,555.1,0.0,0.343454,4.625793,4.692471,4.779914,4.863481,4.958236,5.035762,5.158656,5.298164,5.510137,5.766311,6.207159,6.995993,7.322244,
7,L,614.8,0.0,0.11603,0.516329,1.435091,1.670026,1.963495,2.24352,2.33223,2.445103,2.577181,2.682156,2.78372,2.88723,3.023387,3.075034,
8,R,659.1,0.0,NA,0.096047,0.149808,0.226273,0.287406,NA,NA,NA,NA,-0.813916,0.630667,0.67829,0.709964,0.73068,
START_TIME,1596034069.0,
END_TIME,1596034739.0,
TOTAL_TIME,669.8