BURST_NUMBER,ORIENTATION,START_TIME,Gate0,Gate1,Gate2,Gate3,Gate4,Gate5,Gate6,Gate7,Gate8,Gate9,Gate10,Gate11,Gate12,Gate13,Gate14,
1,L,697.1,0.0,NA,0.927925,1.554365,1.925825,2.270205,2.572805,3.076558,3.549738,4.377263,5.002497,5.332085,NA,-10.389452,7.003169,
2,R,794.0,0.0,NA,0.621087,0.9148,1.192739,1.613151,2.236547,2.869404,3.605628,4.000524,4.34269,4.760878,5.099015,NA,5.89021,
3,L,862.1,0.0,NA,0.547984,0.990271,1.348704,1.657919,1.868506,2.037181,2.297325,2.478563,2.570695,2.729174,3.076972,3.566496,3.795841,
4,R,1009.7,0.0,0.189313,0.693906,NA,0.79706,0.833529,0.911376,1.004961,1.073906,1.188792,1.337621,1.51059,1.726847,1.921912,2.084764,
5,L,1059.7,0.0,NA,0.683334,1.007821,1.171522,1.282656,1.339825,1.401189,1.475834,1.573636,1.70432,1.867012,2.096745,2.393728,2.556863,
6,R,1135.5,0.0,0.175253,0.674819,0.947928,1.141286,1.359665,1.459813,1.598086,1.852837,2.067749,2.367735,2.499424,2.582882,2.704714,2.823039,
7,L,1183.9,0.0,NA,NA,NA,NA,NA,-8.164004,1.628129,1.83167,1.980592,2.14378,2.321153,2.5584,2.800296,2.944515,
8,R,1218.6,0.0,0.134975,0.529598,0.930443,1.1782,1.648987,2.27269,2.847179,3.351519,3.368868,3.633669,3.854666,4.167549,4.61575,4.968205,
9,L,1319.5,0.0,0.133806,0.312189,0.414192,0.55234,0.700221,0.819809,0.958515,1.128237,1.307557,1.486375,1.685804,1.919781,2.12878,2.229233,
10,R,1405.9,0.0,0.158543,0.238106,0.368762,0.534838,0.795758,1.053994,1.325125,2.008479,2.679465,3.093919,4.446525,4.975576,5.04193,5.173784,
START_TIME,1596034815.0,
END_TIME,1596036269.0,
TOTAL_TIME,1454.4