BURST_NUMBER,ORIENTATION,START_TIME,Gate0,Gate1,Gate2,Gate3,Gate4,Gate5,Gate6,Gate7,Gate8,Gate9,Gate10,Gate11,Gate12,Gate13,Gate14,
1,R,650.9,NA,0.0,0.204397,0.809517,1.554483,1.58386,1.626237,1.64581,1.693178,1.71899,1.753882,1.802412,1.850349,1.884801,1.914242,
2,L,740.6,NA,NA,NA,NA,NA,NA,NA,NA,0.0,0.597617,0.707061,0.800715,0.855142,0.996903,1.113998,
3,L,979.5,0.0,0.105453,0.436908,0.822115,1.522228,1.764828,1.822345,1.884352,1.920914,1.964565,2.001159,2.055673,2.103819,2.147501,2.185505,
4,R,1054.3,0.0,NA,0.054953,0.089114,0.11669,0.161041,0.182235,0.226971,0.258934,0.308486,0.357722,0.441042,0.521705,0.616002,0.680328,
5,L,1111.1,0.0,NA,0.438106,0.46864,0.516208,0.550181,0.588552,0.617237,0.661561,0.706049,0.740551,0.785202,0.85379,0.922969,0.954712,
6,R,1172.3,0.0,1.680486,2.16038,5.15214,5.419225,5.664898,6.004131,6.535711,6.594711,6.643332,6.707924,6.787558,6.871271,6.92151,6.936853,
7,L,1207.2,NA,0.0,32.989668,33.033423,33.072875,33.115313,33.134054,33.183569,33.21093,33.240808,33.290581,33.316639,NA,31.46214,33.417374,
8,R,1284.1,0.0,NA,0.952751,1.352092,1.75106,2.111352,2.171866,2.221459,2.264037,2.306279,2.353901,2.390646,2.446004,2.494418,2.509827,
START_TIME,1596036309.0,
END_TIME,1596037612.0,
TOTAL_TIME,1303.4