BURST_NUMBER,ORIENTATION,START_TIME,Gate0,Gate1,Gate2,Gate3,Gate4,Gate5,Gate6,Gate7,Gate8,Gate9,Gate10,Gate11,Gate12,Gate13,Gate14,
1,R,848.6,0.0,NA,0.640878,1.315375,1.999459,2.480793,2.796937,2.850093,2.889277,2.944265,2.98842,3.020386,3.056964,3.109689,3.125098,
2,L,890.0,0.0,1.158835,10.442358,10.559431,10.754074,10.936615,11.124244,11.322864,11.510806,11.690915,11.928002,12.284703,12.907292,13.754304,14.089853,
3,R,949.8,0.0,0.073079,0.357415,0.498553,0.672622,0.876378,1.06643,1.205635,1.395602,1.676042,2.097114,3.850324,4.031076,4.190458,4.292847,
4,L,996.3,0.0,0.206394,0.558032,0.734524,0.841758,0.994094,1.129156,1.289622,1.433705,1.64026,1.919598,2.447586,NA,2.807758,3.819406,
5,R,1038.0,0.0,NA,0.398329,0.54816,0.735006,0.93903,1.186478,1.37869,1.45187,1.532161,1.659106,1.774111,1.915509,2.032362,2.11854,
6,L,1118.1,0.0,0.306937,0.480078,0.562283,0.623274,0.688828,0.732865,0.799498,0.856038,0.946475,1.020222,1.13015,1.230196,1.325583,1.394558,
7,R,1167.4,0.0,0.937313,1.073447,1.144633,1.219249,1.284495,1.363599,1.457054,1.569362,1.785813,1.956885,2.134085,2.299808,2.541925,2.676714,
8,L,1229.0,0.0,0.098498,NA,0.425476,0.510729,0.607031,0.721002,0.898466,0.96087,1.089816,1.5553,2.27571,2.379361,2.811791,3.03825,
START_TIME,1596038542.0,
END_TIME,1596039786.0,
TOTAL_TIME,1244.0