BURST_NUMBER,ORIENTATION,START_TIME,Gate0,Gate1,Gate2,Gate3,Gate4,Gate5,Gate6,Gate7,Gate8,Gate9,Gate10,Gate11,Gate12,Gate13,Gate14,
1,R,15.4,0.0,0.732523,14.427347,14.574514,14.718781,15.028946,15.527735,16.425157,17.324625,17.8583,17.96472,18.101316,18.30241,18.601992,18.851044,
2,R,111.3,0.0,0.186942,1.204169,2.138085,2.179814,2.256615,2.378884,2.516409,2.649994,2.783618,2.925359,3.070285,3.213179,3.359128,3.423562,
3,L,169.3,0.0,0.073143,0.30452,0.472242,0.563045,0.770048,1.062004,1.487545,1.859306,1.969267,2.173687,2.360498,2.507212,2.654563,2.721492,
4,R,197.4,0.0,0.10816,0.281661,0.431133,0.568642,0.712718,0.885242,1.103911,1.411931,1.598611,1.802512,2.058733,2.541348,3.086651,3.46191,
5,L,254.9,0.0,0.037424,NA,0.228694,0.290008,NA,NA,NA,0.520263,0.581865,0.627301,0.696594,0.745915,0.824596,0.859978,
6,L,318.5,0.0,0.145549,0.406476,0.487571,0.61969,0.748486,0.839025,0.949187,1.06107,1.166925,1.277726,1.424618,1.55372,1.683778,1.780782,
7,R,365.4,0.0,0.388118,2.239754,3.060372,3.34954,3.533986,3.732215,3.883021,4.035526,4.199184,4.390685,4.527135,4.691698,4.825193,4.969264,
8,L,446.3,0.0,0.320746,0.483159,0.538325,0.63062,0.747565,0.853217,0.95681,1.064886,1.178002,1.292583,1.4232,1.534316,1.676315,1.730021,
START_TIME,1596042869.0,
END_TIME,1596043333.0,
TOTAL_TIME,464.6