BURST_NUMBER,ORIENTATION,START_TIME,Gate0,Gate1,Gate2,Gate3,Gate4,Gate5,Gate6,Gate7,Gate8,Gate9,Gate10,Gate11,Gate12,Gate13,Gate14,
1,R,453.2,0.0,0.091939,0.152576,0.240794,0.381869,0.619689,0.78273,0.894329,1.0229,1.159291,1.395951,1.699755,2.242153,3.157054,3.515647,
2,L,504.5,0.0,0.072932,0.224763,0.338502,0.435975,0.574117,0.682873,0.825019,0.997646,1.210387,1.601628,2.270241,2.651817,3.04251,3.334344,
3,R,562.2,0.0,0.136373,0.262337,0.539741,0.707162,0.893308,1.049522,1.189141,1.331596,1.472272,1.591905,1.714933,1.844942,1.958367,2.00803,
4,L,629.2,0.0,0.043341,0.139477,0.302778,0.499726,0.856374,1.819605,2.219125,2.821087,3.015366,3.193954,3.384732,3.554588,3.699747,3.75878,
5,R,689.7,0.0,0.321058,9.209707,9.58269,10.06992,10.379829,10.473744,10.562218,10.660911,10.759096,10.897825,11.000124,11.129977,11.244426,11.306082,
6,L,778.5,NA,0.0,1.002183,1.362214,1.413363,1.50143,1.610337,1.713783,1.774883,1.908029,2.017917,2.357266,2.552372,2.714703,2.778565,
7,L,847.0,0.0,0.617171,0.998041,1.316953,1.534555,1.684719,1.819266,1.960679,2.136342,2.308925,2.485543,2.625996,2.807957,3.037016,3.139317,
8,R,891.9,0.0,0.016847,0.10256,0.250561,0.409169,0.572843,0.782617,NA,NA,NA,1.413176,1.560097,1.704399,1.837518,1.918905,
START_TIME,1596044867.0,
END_TIME,1596045787.0,
TOTAL_TIME,920.4