BURST_NUMBER,ORIENTATION,START_TIME,Gate0,Gate1,Gate2,Gate3,Gate4,Gate5,Gate6,Gate7,Gate8,Gate9,Gate10,Gate11,Gate12,Gate13,Gate14,
1,L,54.4,0.0,0.147328,1.115217,2.731083,3.24463,3.319134,3.441491,NA,3.614924,3.686574,3.817886,4.065233,4.388268,5.192411,5.677106,
2,R,116.8,0.0,0.036936,0.149819,NA,NA,0.502873,0.603239,NA,0.798402,0.889988,1.29611,1.820809,NA,2.443788,3.602977,
3,L,201.5,0.0,0.30024,0.400218,0.46147,NA,NA,0.648558,0.682208,0.739318,0.787011,0.83131,NA,0.945718,0.97726,0.996728,
4,R,264.6,0.0,0.050005,0.267091,0.506596,0.689341,1.064446,1.68215,1.74026,1.764483,1.78761,NA,NA,NA,3.188544,3.163528,
5,R,357.8,0.0,0.032433,0.078532,0.123394,NA,NA,NA,NA,NA,NA,0.488318,0.548157,0.638926,0.722523,0.758214,
6,R,451.0,NA,NA,NA,NA,NA,NA,NA,NA,NA,NA,NA,NA,NA,0.0,-0.36154,
7,L,500.5,0.0,0.031613,0.160511,0.235208,0.289919,0.336127,0.366417,0.405941,0.440448,0.470877,0.521687,0.569073,0.617058,0.652595,0.671442,
8,R,571.9,0.0,NA,NA,NA,0.199375,0.257879,0.317789,NA,0.482555,0.537972,0.534379,0.601073,NA,NA,9.897209,
9,L,647.8,0.0,0.020838,0.282539,0.882163,1.464,NA,1.588988,1.626034,1.683514,1.734615,1.783807,1.821806,1.870054,1.923171,1.941416,
START_TIME,1596046777.0,
END_TIME,1596047464.0,
TOTAL_TIME,686.2