BURST_NUMBER,ORIENTATION,START_TIME,Gate0,Gate1,Gate2,Gate3,Gate4,Gate5,Gate6,Gate7,Gate8,Gate9,Gate10,Gate11,Gate12,Gate13,Gate14,
1,L,46.5,0.0,1.835177,2.253884,2.747678,3.109883,3.171467,3.243114,3.334263,3.438024,3.598577,3.811301,4.134904,4.671454,5.644177,6.167912,
2,R,85.1,0.0,0.029312,0.118015,0.335674,0.662827,1.210468,1.719045,1.805996,1.956928,2.189845,2.525569,2.922128,2.975414,3.024581,3.067839,
3,L,141.5,0.0,0.147728,0.541488,1.266006,1.339008,1.377063,1.439388,1.52074,1.603629,1.713084,1.795956,1.858656,1.914232,1.99044,2.025568,
4,R,226.8,0.0,0.032047,0.188526,0.831977,2.072629,2.480823,2.533785,2.594756,2.681203,2.781509,2.893904,3.048834,3.21342,3.357844,3.425894,
5,R,299.5,0.0,0.099674,0.407402,1.01531,1.958938,2.462838,2.850934,2.915643,2.960154,3.02243,3.098216,3.209714,3.25695,3.325472,3.373659,
6,L,373.2,0.0,0.194997,0.412742,0.811693,1.397653,1.606504,1.651789,1.689297,1.731128,1.784957,1.833913,1.91813,1.955227,2.017531,2.047591,
7,R,440.9,0.0,0.051202,0.265704,0.486477,0.823614,1.209392,1.535982,2.078306,2.282004,2.464901,2.670387,2.951996,4.40939,6.216633,6.493526,
8,L,501.5,0.0,0.005006,0.086668,0.242082,0.45364,0.590734,0.648417,0.756211,0.81893,0.927376,1.066503,1.26247,1.498346,1.709592,1.810927,
START_TIME,1596048078.0,
END_TIME,1596048624.0,
TOTAL_TIME,545.5