BURST_NUMBER,ORIENTATION,START_TIME,Gate0,Gate1,Gate2,Gate3,Gate4,Gate5,Gate6,Gate7,Gate8,Gate9,Gate10,Gate11,Gate12,Gate13,Gate14,
1,L,504.9,0.0,0.037893,0.118666,0.236298,0.426738,0.819763,1.705712,1.986103,2.196908,2.603194,2.947418,3.006824,3.038571,3.070306,3.103138,
2,R,554.4,0.0,0.510776,2.955204,3.309091,3.35614,3.384188,3.432552,3.491058,3.583466,3.704187,3.76463,3.836328,3.908139,3.975375,4.007187,
3,L,595.0,NA,NA,NA,NA,NA,NA,NA,NA,NA,NA,NA,NA,NA,0.0,0.004921,
4,L,667.6,0.0,0.606739,1.430691,1.515669,1.559898,1.610765,1.653722,1.698082,1.745999,1.80893,1.894639,1.98377,2.101543,2.300309,2.413927,
5,R,721.2,0.0,0.275012,2.859625,4.795877,4.887506,4.948816,5.007765,5.08316,5.143486,5.24213,5.303619,5.38445,5.453715,5.516753,5.552071,
6,L,794.0,0.0,0.539132,0.646653,0.805761,1.01083,1.245786,1.586458,2.311223,2.952978,3.004977,3.055969,3.134824,NA,-28.93134,3.457456,
7,R,867.3,0.0,NA,2.258474,2.425804,2.487704,2.545843,2.591432,2.627325,2.670762,2.702515,2.753187,2.807553,2.855877,2.892817,2.919982,
8,L,978.2,NA,NA,NA,NA,NA,NA,NA,NA,NA,NA,NA,NA,NA,NA,0.0,
9,R,1046.7,0.0,0.526999,1.047848,1.137433,1.206941,1.29645,1.384962,1.45696,1.545975,1.652819,1.773137,1.865264,1.977681,2.108824,2.176218,
START_TIME,1596048882.0,
END_TIME,1596050001.0,
TOTAL_TIME,1119.3