BURST_NUMBER,ORIENTATION,START_TIME,Gate0,Gate1,Gate2,Gate3,Gate4,Gate5,Gate6,Gate7,Gate8,Gate9,Gate10,Gate11,Gate12,Gate13,Gate14,
1,L,14.0,0.0,0.046543,0.090176,0.161332,0.205251,0.234318,0.277536,0.310665,0.369982,0.398695,0.466289,0.51028,0.575668,0.622933,0.641891,
2,R,59.9,0.0,NA,0.444688,0.539179,0.571052,0.609411,0.64858,0.697749,0.745955,0.773949,0.815215,0.882743,0.92995,0.981391,0.996808,
3,R,114.3,NA,NA,NA,NA,NA,NA,NA,NA,NA,NA,NA,0.0,NA,-0.131686,-0.159554,
4,R,158.6,NA,0.0,38.966057,39.26981,39.386212,39.504264,39.597814,39.678146,39.785963,39.867524,39.96284,40.078959,40.175043,40.285779,40.364164,
5,L,254.5,0.0,0.96869,2.720128,3.49282,4.109,4.190971,4.333841,4.588022,4.693599,4.802097,4.918841,4.995475,5.067152,5.168334,5.215298,
6,R,317.8,0.0,NA,2.880288,3.126489,3.173565,3.22904,3.274959,3.311179,3.35996,3.418403,3.465945,3.536855,3.604459,3.671801,3.701618,
7,L,366.3,0.0,0.187668,0.442811,0.854005,1.386355,1.643699,1.680297,1.723654,1.75738,1.803427,1.844696,1.893171,1.924547,1.978651,1.994734,
8,R,403.6,NA,NA,NA,NA,0.0,25.702152,25.819605,25.939738,26.049396,26.166827,26.302,26.422906,26.536506,26.684471,26.815928,
START_TIME,1596053407.0,
END_TIME,1596053843.0,
TOTAL_TIME,436.6