BURST_NUMBER,ORIENTATION,START_TIME,Gate0,Gate1,Gate2,Gate3,Gate4,Gate5,Gate6,Gate7,Gate8,Gate9,Gate10,Gate11,Gate12,Gate13,Gate14,
1,L,49.2,0.0,0.601625,0.664204,0.747986,0.824292,0.899973,0.984511,1.035614,1.077877,1.138233,1.186027,1.254165,1.320946,1.408757,1.424241,
2,R,113.1,0.0,0.07925,0.13207,0.162026,0.190795,0.23106,0.258354,0.315419,0.372727,0.421671,0.503944,0.60317,0.689403,0.793033,0.844106,
3,L,180.2,0.0,0.303963,1.515313,1.942388,1.97207,2.017484,2.04349,2.072198,2.104033,2.146102,2.180696,2.229083,2.295341,2.360612,2.392844,
4,R,218.1,0.0,0.153429,0.406419,0.449291,0.491932,0.536054,0.563341,0.595783,0.631119,0.679029,0.716857,0.76425,0.834846,0.901056,0.949086,
5,L,294.3,0.0,0.244071,1.350257,1.867532,2.016322,2.159151,2.27925,2.423533,2.531241,2.645773,2.788644,2.995926,3.311104,4.005313,4.55152,
6,R,340.7,0.0,0.008163,0.079049,0.12096,0.210982,0.30894,0.406923,0.535605,0.702722,0.900446,1.113028,1.381242,2.216898,3.197586,3.42699,
7,L,450.5,0.0,0.026553,0.081779,0.130502,0.192479,0.233195,0.281185,0.324054,0.347062,0.401168,0.458331,NA,0.628754,0.711399,0.743096,
8,R,525.8,0.0,0.02733,0.168863,0.361897,0.531062,0.804834,1.176473,1.688154,2.073265,2.455146,2.967747,4.098913,5.03187,5.420999,5.517112,
START_TIME,1596057435.0,
END_TIME,1596057976.0,
TOTAL_TIME,540.3