BURST_NUMBER,ORIENTATION,START_TIME,Gate0,Gate1,Gate2,Gate3,Gate4,Gate5,Gate6,Gate7,Gate8,Gate9,Gate10,Gate11,Gate12,Gate13,Gate14,
1,L,85.9,0.0,NA,0.667231,1.106537,1.189802,1.281894,1.419202,1.638237,1.94325,2.383157,3.138325,3.197823,3.263837,3.309827,3.341589,
2,R,139.5,0.0,0.071937,0.162193,0.192919,0.23983,0.288714,0.331326,0.383514,0.415867,0.472722,0.515742,0.569826,0.618693,0.674464,0.731325,
3,L,174.3,0.0,NA,0.465059,0.890769,1.58989,1.95833,NA,NA,NA,NA,NA,NA,NA,NA,6.395552,
4,L,221.3,NA,0.0,64.621634,64.913628,65.270731,65.566754,65.856648,NA,66.221932,66.512448,66.702969,67.298735,67.433673,67.95473,68.227651,
5,R,340.7,0.0,0.092831,0.248384,0.454005,0.861558,1.199564,2.214507,NA,2.859771,2.97859,3.040725,3.135484,3.218284,3.267514,3.31538,
6,L,391.8,NA,0.0,4.661012,5.662314,7.899921,9.095,9.572583,9.66176,9.98961,10.239498,10.988189,12.111893,12.35591,12.502274,12.571662,
7,R,457.7,NA,NA,0.0,0.312516,0.403086,0.481186,0.59188,0.714649,0.809451,0.95798,1.077531,1.321131,1.522074,1.794228,2.166398,
8,L,489.7,NA,0.0,19.872118,20.124161,20.448393,21.01647,21.598423,21.740932,21.960084,22.255974,22.752396,23.71667,24.269166,24.364811,24.416293,
START_TIME,1596061421.0,
END_TIME,1596062444.0,
TOTAL_TIME,1023.4