BURST_NUMBER,ORIENTATION,START_TIME,Gate0,Gate1,Gate2,Gate3,Gate4,Gate5,Gate6,Gate7,Gate8,Gate9,Gate10,Gate11,Gate12,Gate13,Gate14,
1,L,50.9,0.0,0.031257,0.103712,0.161415,0.188351,0.208179,0.251129,0.2785,0.326782,0.356805,0.403092,0.442316,0.475713,0.523811,0.542699,
2,R,130.2,0.0,0.010227,0.057387,0.087442,0.128214,0.178208,0.224717,0.265053,0.305193,0.356292,0.402704,0.451711,0.496946,0.551831,0.587444,
3,L,176.0,0.0,0.033492,0.090089,0.136323,0.164744,0.19613,0.236222,0.271657,0.31536,0.345311,0.378884,0.411589,0.438126,0.474078,0.493443,
4,R,223.2,NA,NA,0.0,0.275386,0.818403,1.542947,1.945534,2.334166,2.790009,3.027472,3.248551,3.65912,5.259274,5.522699,5.602457,
5,L,331.5,0.0,0.266656,1.019146,1.078113,1.131764,1.156683,1.194132,1.231514,1.261638,1.294318,1.327675,1.357949,1.389668,1.418107,1.453227,
6,R,374.8,0.0,0.149787,0.483174,0.687271,0.909949,1.11794,1.318921,1.483409,1.706625,1.917232,2.124207,2.326677,2.588092,2.746619,2.842973,
7,R,422.6,NA,NA,NA,NA,NA,NA,NA,NA,NA,NA,NA,NA,NA,0.0,-0.081486,
8,R,526.3,0.0,0.03075,0.11957,0.19315,0.233777,0.285188,0.340017,0.383586,0.429977,0.510697,0.574226,0.657234,0.805835,1.052406,1.276338,
START_TIME,1596068087.0,
END_TIME,1596069874.0,
TOTAL_TIME,1787.2