BURST_NUMBER,ORIENTATION,START_TIME,Gate0,Gate1,Gate2,Gate3,Gate4,Gate5,Gate6,Gate7,Gate8,Gate9,Gate10,Gate11,Gate12,Gate13,Gate14,
1,R,708.4,0.0,0.392291,1.15616,1.202384,1.252084,1.31396,1.353585,1.39718,1.466179,NA,1.635005,1.700161,NA,1.975292,1.920284,
2,L,766.1,0.0,0.188486,0.808536,1.815626,1.897842,NA,NA,NA,2.192878,2.228268,2.26845,2.332893,2.414246,2.496029,2.547856,
3,R,825.4,0.0,0.126864,0.627339,NA,1.650766,1.712604,1.79591,1.871562,1.958168,2.040007,2.125051,2.205593,2.288227,2.365302,2.401218,
4,L,883.7,0.0,0.067007,0.324355,0.767569,1.249837,1.534996,2.039973,2.286675,2.489256,2.649855,2.783086,2.901356,3.046285,3.2404,3.338661,
5,R,947.9,0.0,0.024972,0.099654,0.166957,0.209154,0.313033,0.462406,0.651748,0.921342,1.320774,1.969994,2.963252,3.725922,5.231892,5.250754,
6,L,1068.1,0.0,0.372498,1.721641,NA,NA,NA,2.021415,NA,2.131787,2.188328,2.230642,2.280759,2.33278,2.380751,2.407593,
7,R,1146.2,0.0,0.125844,1.115733,1.285996,1.339178,1.399266,1.467217,NA,1.548788,NA,NA,NA,1.770311,1.809148,1.840683,
8,L,1243.5,0.0,0.286221,1.221474,1.54016,1.713209,NA,2.13667,NA,2.418909,2.708966,2.937725,NA,3.316501,3.646658,3.780124,
START_TIME,1596070651.0,
END_TIME,1596071961.0,
TOTAL_TIME,1309.9