BURST_NUMBER,ORIENTATION,START_TIME,Gate0,Gate1,Gate2,Gate3,Gate4,Gate5,Gate6,Gate7,Gate8,Gate9,Gate10,Gate11,Gate12,Gate13,Gate14,
1,R,26.6,0.0,0.072053,0.265141,0.504201,0.826423,1.174548,1.753016,3.563393,3.622974,3.72627,3.825984,4.023296,4.137656,4.233365,4.312846,
2,R,112.9,NA,NA,NA,NA,NA,NA,NA,NA,NA,NA,NA,NA,NA,0.0,-0.269832,
3,L,151.7,0.0,0.035766,0.147718,0.219116,0.424299,0.75317,1.006959,1.285096,1.533869,1.82879,2.084577,2.446251,2.793193,3.102384,3.279685,
4,R,266.7,0.0,0.135072,1.058639,1.472767,1.934901,4.448328,4.957149,5.240486,5.798136,NA,NA,NA,NA,8.6591,8.557363,
5,L,311.7,0.0,0.066005,0.279687,0.732538,1.074605,1.709398,1.983722,4.476853,4.614606,4.804323,5.053943,5.401482,5.708928,6.100656,6.259096,
6,R,426.6,0.0,0.131442,0.530244,0.924755,1.44667,1.942866,2.111913,3.574274,4.875385,5.244844,5.250645,5.416359,5.544472,5.629069,5.68318,
7,L,488.2,NA,0.0,34.615194,34.811651,34.926007,35.062371,35.168648,35.290229,35.401116,35.554906,35.696672,35.847116,35.992453,36.156281,36.220996,
8,R,570.9,0.0,0.353452,1.568084,1.814514,2.414015,2.88995,3.141231,3.285418,3.4296,3.596996,3.743529,3.903742,4.083427,4.247774,4.421761,
START_TIME,1596072727.0,
END_TIME,1596073366.0,
TOTAL_TIME,639.2