BURST_NUMBER,ORIENTATION,START_TIME,Gate0,Gate1,Gate2,Gate3,Gate4,Gate5,Gate6,Gate7,Gate8,Gate9,Gate10,Gate11,Gate12,Gate13,Gate14,
1,L,27.2,0.0,0.396718,1.511428,2.116619,2.150079,2.191332,2.237784,2.26126,2.313355,2.375129,2.446133,2.548265,2.632922,2.758505,2.806796,
2,R,88.0,0.0,0.359768,0.846903,1.359442,1.725914,2.349814,2.616974,2.809784,3.014907,3.176488,3.38663,3.679817,4.045301,4.550426,5.307939,
3,L,183.2,0.0,0.103599,0.365175,0.939003,1.918388,2.245176,2.597434,2.655719,2.708367,2.752621,2.820019,2.869123,2.915695,2.970311,2.985688,
4,R,232.8,0.0,0.105667,0.369584,0.892441,1.425375,1.726497,2.356904,2.6457,2.824533,2.971707,3.120999,3.294765,3.59719,3.809472,3.941002,
5,L,281.4,0.0,0.190364,1.510793,1.980533,2.015333,2.053153,2.083211,2.112842,2.160026,2.215177,2.265115,2.311566,2.377612,2.430013,2.465187,
6,R,329.0,0.0,0.18296,0.964059,1.39274,1.656732,1.842129,2.000136,2.22942,2.607863,2.919806,3.19807,3.32413,3.60352,3.669176,4.176616,
7,L,381.9,NA,0.0,NA,0.094384,0.11254,0.152098,0.179773,0.235257,0.264321,0.316828,0.361349,0.411121,0.468622,0.517553,0.549282,
8,R,476.4,0.0,0.047386,0.098086,NA,NA,NA,0.242477,0.295106,0.348967,0.387191,0.450944,0.510305,0.581535,0.628756,0.663994,
START_TIME,1596074101.0,
END_TIME,1596074621.0,
TOTAL_TIME,519.6