BURST_NUMBER,ORIENTATION,START_TIME,Gate0,Gate1,Gate2,Gate3,Gate4,Gate5,Gate6,Gate7,Gate8,Gate9,Gate10,Gate11,Gate12,Gate13,Gate14,
1,L,45.1,0.0,0.340047,1.052932,2.469314,2.570136,2.657865,2.729234,2.856332,2.937195,2.982541,3.051212,3.102257,3.165659,3.225312,3.256947,
2,R,132.6,0.0,0.330302,0.759618,1.333896,2.283516,2.791077,3.049832,3.301048,3.725224,4.343092,4.930113,5.061956,5.209297,5.370768,5.503123,
3,L,174.3,0.0,0.590871,1.644455,3.330716,3.665059,19.750368,20.303765,20.423573,20.53858,20.703463,20.824557,20.969003,21.118392,21.253944,21.285752,
4,R,238.5,0.0,0.202298,0.649284,1.346811,2.239616,2.485184,2.884117,3.174624,3.335955,3.521307,3.704041,3.934958,4.116367,4.380927,4.690344,
5,L,299.7,0.0,0.52826,2.08003,3.159159,13.987596,14.045207,14.090082,14.146359,14.213023,14.260137,14.329831,14.422966,14.48859,14.553975,14.585291,
6,R,349.5,0.0,0.078011,0.264446,0.724418,1.147348,1.516068,1.94758,2.465423,2.549606,2.678089,2.875171,3.146748,3.628752,4.263585,4.702523,
7,L,399.1,0.0,0.13209,0.413733,0.948491,2.011275,2.314493,2.42975,2.66613,2.873648,3.219169,4.055703,5.632709,5.972081,6.688,6.847293,
8,R,441.8,0.0,0.020151,0.081342,0.121619,0.194946,0.237144,0.308048,0.347829,0.401309,0.440619,0.492395,0.543911,0.602666,0.673729,0.693303,
START_TIME,1596081567.0,
END_TIME,1596082102.0,
TOTAL_TIME,534.8