BURST_NUMBER,ORIENTATION,START_TIME,Gate0,Gate1,Gate2,Gate3,Gate4,Gate5,Gate6,Gate7,Gate8,Gate9,Gate10,Gate11,Gate12,Gate13,Gate14,
1,L,72.1,0.0,0.596707,3.577591,4.476455,4.551718,4.920723,5.232725,5.724799,6.375542,6.702098,7.024355,7.086258,7.147341,7.295487,7.377127,
2,R,126.5,0.0,0.104545,0.560138,1.543559,3.232561,3.656764,3.768038,3.932143,4.13806,4.270885,4.466354,4.703389,4.985656,5.213742,5.283257,
3,L,182.3,0.0,0.236767,1.106279,2.457811,2.946276,3.047198,3.116305,3.227691,3.367471,3.493343,3.615977,3.719644,3.838449,3.954442,4.006016,
4,R,253.1,0.0,0.158771,0.436577,0.522241,0.67753,0.814265,1.03086,1.33303,1.748703,2.173498,3.059122,3.78891,3.903962,4.055505,4.152369,
5,L,294.1,0.0,0.856578,2.115059,2.905015,3.156734,3.322056,3.415877,3.529461,3.661301,3.850688,4.068971,4.341362,4.854472,6.031051,7.577937,
6,R,348.2,0.0,0.07991,0.461528,1.044797,1.616163,2.01944,2.078749,2.166295,2.267611,2.367456,2.485333,2.628992,2.824024,2.953458,3.036567,
7,L,407.5,0.0,0.263287,0.777367,1.864271,2.127153,2.174388,18.54016,18.629146,18.725197,18.785891,18.857297,18.959652,19.056913,19.172415,19.231637,
8,R,477.3,0.0,0.039154,0.194823,0.329236,0.449347,0.583462,0.686425,0.814508,0.953741,1.130049,1.251622,1.348739,NA,-4.750616,1.74079,
START_TIME,1596084054.0,
END_TIME,1596084544.0,
TOTAL_TIME,490.5