BURST_NUMBER,ORIENTATION,START_TIME,Gate0,Gate1,Gate2,Gate3,Gate4,Gate5,Gate6,Gate7,Gate8,Gate9,Gate10,Gate11,Gate12,Gate13,Gate14,
1,R,41.1,0.0,0.017217,0.063082,0.090281,0.113886,0.141338,0.171984,0.206588,0.22391,0.256539,0.283471,0.320782,0.337963,0.369868,0.388185,
2,L,111.0,0.0,0.118667,0.26704,0.406991,0.561115,0.788783,1.078661,1.302701,1.597853,2.068746,2.110882,2.165241,2.242648,2.339647,2.391807,
3,R,158.1,0.0,0.038311,0.092651,0.153212,0.179876,0.218252,0.26062,0.293287,0.347667,0.374791,0.423513,0.47363,0.502344,0.567732,0.58317,
4,L,213.9,0.0,0.159631,1.061616,1.666764,1.902759,2.013058,2.038704,2.087527,2.12059,2.151754,2.185223,2.214161,2.254336,2.286124,2.319395,
5,R,265.9,NA,NA,NA,NA,NA,NA,NA,NA,NA,NA,NA,NA,NA,0.0,-0.035016,
6,L,318.6,0.0,0.106331,0.247629,0.361129,0.454603,0.553511,0.657262,0.772341,0.856556,0.97051,1.153077,1.364013,1.509274,1.639817,1.718841,
7,L,369.5,0.0,0.033043,0.069397,0.106915,0.151251,0.198605,0.250511,0.276616,0.324957,0.380248,0.443911,0.531948,0.571556,0.618386,0.671028,
8,R,420.7,0.0,0.024659,0.100187,0.123054,0.16461,0.205961,0.234344,0.278885,0.322469,0.394728,0.450559,0.582649,0.613743,0.739158,0.774259,
START_TIME,1596087081.0,
END_TIME,1596087601.0,
TOTAL_TIME,519.8