BURST_NUMBER,ORIENTATION,START_TIME,Gate0,Gate1,Gate2,Gate3,Gate4,Gate5,Gate6,Gate7,Gate8,Gate9,Gate10,Gate11,Gate12,Gate13,Gate14,
1,L,44.1,0.0,0.118807,0.390382,0.756652,1.207544,2.016347,2.12774,2.190021,2.219858,2.252616,NA,NA,NA,2.424353,2.42011,
2,R,121.6,0.0,0.096306,0.143969,0.20782,0.245362,0.306344,0.352386,0.394715,0.443215,0.494764,0.539741,0.581098,0.668896,0.721172,0.757121,
3,L,161.4,0.0,0.320974,0.41772,0.508751,0.5542,0.609217,0.654331,0.700067,0.742868,0.776979,0.823329,0.865454,0.92518,0.972853,1.008368,
4,R,234.3,0.0,0.356482,0.82035,0.856141,0.904546,0.925439,0.972814,1.002692,1.033225,1.072579,1.126509,1.174337,1.219474,1.271106,1.306737,
5,L,284.1,0.0,0.233608,0.556725,0.838428,1.235074,1.618984,2.084681,2.489093,2.73265,3.033949,3.505985,3.900174,4.300326,4.600313,4.776804,
6,R,345.1,0.0,0.059979,0.38612,0.844318,1.322491,1.753197,1.996671,2.266532,2.54137,2.78704,3.183894,3.546415,3.951953,4.384919,4.729527,
7,L,416.4,0.0,-0.004137,0.050647,0.102887,0.143741,0.22815,0.327491,0.448084,0.579479,0.703137,0.800727,0.920654,1.02052,1.119882,1.167818,
8,R,497.5,0.0,0.197599,0.533285,0.703371,0.971882,1.184566,1.356278,1.511658,1.635562,1.777207,1.898368,2.048266,2.212011,2.432708,2.599482,
START_TIME,1596088318.0,
END_TIME,1596088821.0,
TOTAL_TIME,503.8