BURST_NUMBER,ORIENTATION,START_TIME,Gate0,Gate1,Gate2,Gate3,Gate4,Gate5,Gate6,Gate7,Gate8,Gate9,Gate10,Gate11,Gate12,Gate13,Gate14,
1,L,108.0,0.0,0.027133,0.083428,0.134993,0.175564,0.202129,0.229468,0.263015,0.292174,0.324299,0.363809,0.379645,NA,-3.811101,0.464063,
2,R,144.2,NA,NA,NA,NA,NA,NA,NA,NA,NA,NA,NA,NA,NA,0.0,-0.28476,
3,R,180.5,0.0,NA,3.635533,5.927285,6.311309,6.395804,6.506485,6.605208,6.70222,6.797843,6.914228,7.035016,7.203801,7.399863,7.530619,
4,L,283.5,0.0,0.183499,0.351855,0.46162,0.539101,0.61778,0.660081,0.731536,0.798889,0.862236,0.911244,0.957852,1.011991,NA,1.107134,
5,R,348.1,0.0,NA,0.067432,0.101385,0.151081,0.193699,0.230448,0.27435,0.32372,0.395573,0.4581,0.55405,0.672362,0.835479,0.91525,
6,L,510.2,0.0,0.233399,0.373463,0.502233,0.630013,0.773586,0.928099,1.210602,1.598369,1.971392,2.140103,2.191801,NA,-11.586632,2.398018,
7,R,544.2,0.0,NA,2.609102,2.86023,3.002642,3.189202,3.481012,3.877275,4.652939,4.896781,5.314697,5.621221,5.772572,6.033864,6.300141,
8,L,634.7,0.0,0.260018,0.516457,0.664243,0.738964,0.797347,0.842244,0.910352,0.971812,1.0357,1.12523,1.23866,NA,-10.31658,1.68136,
START_TIME,1596089727.0,
END_TIME,1596090370.0,
TOTAL_TIME,642.6