BURST_NUMBER,ORIENTATION,START_TIME,Gate0,Gate1,Gate2,Gate3,Gate4,Gate5,Gate6,Gate7,Gate8,Gate9,Gate10,Gate11,Gate12,Gate13,Gate14,
1,R,25.4,NA,0.0,18.743137,18.840172,18.958243,19.106527,19.222604,19.294173,19.401618,19.535056,19.652808,19.894022,20.264602,21.415894,21.721248,
2,R,113.4,NA,0.0,1.336403,1.664161,2.704833,2.887769,2.970496,3.053953,3.235503,3.561923,3.985217,5.22977,5.279849,5.344213,5.395892,
3,L,156.6,0.0,0.087272,0.215779,0.320321,0.428832,0.542636,0.700288,1.042603,1.698949,1.748917,1.831239,1.961391,2.212507,2.719169,3.090582,
4,R,243.8,NA,0.0,0.367566,0.422548,0.481729,NA,0.635691,0.733655,0.765411,0.824104,0.917273,0.980638,1.08075,1.130023,1.14533,
5,L,324.7,0.0,0.030048,0.084034,0.158449,0.177802,0.233277,0.291593,0.328867,0.389695,0.454616,0.534143,0.634355,0.729485,NA,0.911033,
6,R,378.2,0.0,NA,1.452751,2.394397,2.503557,2.632364,2.764153,2.937917,3.212863,3.686141,4.172787,4.258396,4.356253,4.460281,4.508804,
7,L,501.6,0.0,0.073675,0.201441,0.363596,0.475365,0.710466,0.837609,0.933933,1.062369,1.177735,1.303935,1.434079,1.598569,NA,1.924751,
8,R,547.9,0.0,NA,0.228517,0.446462,0.809042,1.168095,1.262669,1.310947,1.370312,1.421163,1.490438,1.574722,1.640874,1.75526,1.819709,
START_TIME,1596103849.0,
END_TIME,1596104423.0,
TOTAL_TIME,573.8