BURST_NUMBER,ORIENTATION,START_TIME,Gate0,Gate1,Gate2,Gate3,Gate4,Gate5,Gate6,Gate7,Gate8,Gate9,Gate10,Gate11,Gate12,Gate13,Gate14,
1,R,51.5,0.0,0.228892,0.449724,0.566052,0.628967,0.682619,0.851772,1.06351,1.407973,2.395323,2.932923,3.09618,3.495742,3.897596,4.217097,
2,L,112.0,NA,0.0,10.06575,11.205781,11.252167,11.354094,11.434654,11.532726,11.629376,11.711059,11.761309,11.830825,11.883903,11.933469,11.966463,
3,R,177.2,0.0,0.336875,6.944513,7.146018,7.414144,7.509819,7.57477,7.616897,7.678856,7.731471,7.800465,7.86553,7.944281,8.047608,8.110009,
4,L,249.9,0.0,0.237043,0.373696,0.41843,0.477468,0.517822,0.579805,0.638542,0.661624,0.709259,0.759226,0.794273,0.843383,0.875976,0.907075,
5,L,288.8,0.0,0.027239,0.092109,0.177604,0.245485,NA,NA,NA,0.460506,0.51566,0.618589,0.750669,0.913289,1.075899,1.127981,
6,R,354.0,0.0,0.043477,0.155604,0.232172,0.312405,0.385495,0.458708,0.528492,0.631759,0.747727,0.956291,1.105616,1.236553,1.355922,1.469373,
7,L,414.2,0.0,0.095072,0.271383,0.60976,1.202791,1.549155,1.589869,1.669698,1.756096,1.87435,2.010218,2.122731,2.243344,2.433204,2.580809,
8,R,445.5,0.0,0.360576,0.440309,0.746558,NA,1.022811,1.088501,1.216203,1.324734,1.454395,1.581764,1.717116,1.865109,1.980489,2.04238,
START_TIME,1596105060.0,
END_TIME,1596105535.0,
TOTAL_TIME,475.3