BURST_NUMBER,ORIENTATION,START_TIME,Gate0,Gate1,Gate2,Gate3,Gate4,Gate5,Gate6,Gate7,Gate8,Gate9,Gate10,Gate11,Gate12,Gate13,Gate14,
1,L,412.1,0.0,0.309945,0.512934,0.80681,1.26491,1.549067,1.610275,1.666248,1.740646,1.821642,1.971046,2.176877,2.223279,2.274225,2.304607,
2,L,489.1,0.0,0.18153,0.243407,0.281428,0.302989,0.340729,0.401827,0.422686,0.473784,0.511389,0.552869,0.599185,0.635613,0.680858,0.699227,
3,R,524.0,0.0,0.071903,0.241836,0.321626,0.399138,0.480242,0.593648,0.758283,1.020036,1.187892,1.269164,1.377827,1.56673,1.859025,2.102068,
4,L,552.1,0.0,0.080692,0.227309,0.271691,0.306682,0.349247,0.397011,0.431966,0.479749,0.513187,0.559374,0.629225,0.707518,0.803812,0.872101,
5,R,592.5,NA,0.0,13.662261,13.794918,13.88454,14.021085,14.21594,14.480046,14.894371,15.341312,15.40395,15.490869,15.590956,15.704992,15.791062,
6,L,663.8,0.0,0.178229,0.242609,0.309728,0.34266,0.395512,0.434561,0.484776,0.52884,0.583678,0.661772,0.73182,NA,-14.911434,0.945439,
7,R,685.0,NA,0.0,19.886073,NA,20.265365,20.432136,20.492139,20.566823,NA,NA,20.74977,20.769691,20.845228,20.932172,20.994756,
8,L,775.0,0.0,0.011748,NA,0.167174,0.212333,0.250054,0.29245,0.338407,0.368818,0.419852,0.458289,0.507148,NA,-39.478158,0.624862,
START_TIME,1596105748.0,
END_TIME,1596106598.0,
TOTAL_TIME,850.2