BURST_NUMBER,ORIENTATION,START_TIME,Gate0,Gate1,Gate2,Gate3,Gate4,Gate5,Gate6,Gate7,Gate8,Gate9,Gate10,Gate11,Gate12,Gate13,Gate14,
1,L,81.0,0.0,0.230333,1.494512,2.205168,2.245935,2.289877,2.331709,2.364802,2.398811,2.430403,2.470762,2.501665,2.534262,2.562589,2.599556,
2,R,136.0,0.0,0.099685,0.164831,NA,NA,NA,0.351643,NA,NA,NA,0.533934,0.551367,0.609241,NA,15.621333,
3,R,225.9,0.0,0.086623,0.24733,NA,0.585956,0.722382,0.863419,1.299056,NA,NA,NA,NA,NA,11.239459,11.151277,
4,R,269.1,0.0,0.221945,0.6239,0.935198,NA,1.303123,1.437926,1.702395,1.98186,2.452307,2.778882,2.862517,2.995549,3.092714,3.139399,
5,L,320.8,0.0,0.055209,0.157953,0.249741,0.347674,0.425466,0.516265,0.593744,0.680986,0.794517,0.932055,1.07509,1.282147,1.543915,1.691529,
6,R,379.9,NA,0.0,3.803512,3.892518,3.931352,4.006948,4.080284,4.143167,4.224903,4.304722,4.401297,4.522626,4.637408,4.788268,4.856272,
7,L,436.8,0.0,0.11919,0.223553,0.318019,0.386204,0.446803,0.507558,0.574186,0.635105,0.721245,0.799826,0.868461,0.94072,1.021519,1.057998,
8,R,514.7,0.0,0.243064,0.546292,1.51661,2.25331,5.320338,5.606137,8.59428,8.705078,8.83379,9.003846,9.18358,9.286498,9.371883,9.435626,
START_TIME,1596107173.0,
END_TIME,1596107713.0,
TOTAL_TIME,540.5