BURST_NUMBER,ORIENTATION,START_TIME,Gate0,Gate1,Gate2,Gate3,Gate4,Gate5,Gate6,Gate7,Gate8,Gate9,Gate10,Gate11,Gate12,Gate13,Gate14,
1,L,28.7,0.0,0.184131,0.538351,1.002052,1.266968,1.804343,2.158561,2.293478,2.442996,2.539064,2.639647,2.737748,2.819489,2.917258,3.000171,
2,R,57.9,0.0,0.08411,0.296115,0.605476,0.93707,1.420234,2.201297,2.239185,2.290419,2.337377,2.378092,2.411335,NA,2.476727,2.49222,
3,L,116.6,0.0,0.066763,0.292863,0.622295,1.425615,2.038266,2.44757,2.682303,2.942042,3.031118,3.115013,3.214122,3.297328,3.397827,3.47848,
4,R,205.6,0.0,0.929946,15.898551,16.567844,16.67158,16.834548,17.091211,17.317044,17.6749,18.135012,18.816344,18.936772,19.066571,19.259751,19.504212,
5,L,249.4,0.0,3.372246,3.513202,3.649227,3.745771,3.882023,4.007653,4.140155,4.272577,NA,4.660193,4.743194,4.837911,5.047292,5.131584,
6,R,295.6,0.0,0.078267,0.303119,0.570026,0.776915,0.995269,1.297471,1.747007,1.816094,1.848757,1.912277,1.977602,2.072261,2.121158,2.152856,
7,L,365.4,0.0,0.080135,0.245808,0.430762,0.598069,0.75252,0.886959,1.023717,1.167956,1.30227,1.446515,1.596309,1.779385,2.116738,2.357571,
8,R,442.2,0.0,NA,0.276997,0.460641,0.620597,0.742459,0.91273,1.09526,1.270865,1.579187,1.768667,2.011348,2.182265,2.326756,2.391806,
9,L,474.7,0.0,0.10769,0.354303,0.8121,1.380946,1.653484,1.857925,2.189058,2.390176,2.568097,2.73152,2.925963,3.14039,3.35236,3.460759,
10,R,541.2,0.0,0.14695,0.700983,1.754789,14.917747,15.086988,15.246072,15.405409,15.469123,15.528178,15.593535,15.643651,15.690465,15.755419,15.786564,
11,L,599.0,NA,NA,NA,NA,0.0,6.722191,6.896209,7.026015,7.174588,7.37264,7.51444,7.616909,7.743172,7.872887,7.986225,
START_TIME,1596109630.0,
END_TIME,1596110240.0,
TOTAL_TIME,609.8