BURST_NUMBER,ORIENTATION,START_TIME,Gate0,Gate1,Gate2,Gate3,Gate4,Gate5,Gate6,Gate7,Gate8,Gate9,Gate10,Gate11,Gate12,Gate13,Gate14,
1,L,267.4,NA,NA,NA,0.0,31.63756,31.7241,31.829817,32.076419,32.340864,32.435416,32.582652,32.730808,32.856122,33.070614,33.199806,
2,R,594.5,0.0,0.262906,0.97173,1.431437,1.911046,2.2325,NA,2.805935,3.020969,3.40179,3.676606,3.809016,4.014829,4.376811,4.573513,
3,L,894.5,0.0,0.126531,0.395894,0.685549,0.878101,0.992045,1.099439,1.261041,1.397249,1.486143,1.597351,1.726124,1.892492,2.139557,2.254729,
4,R,972.3,0.0,0.339853,0.558428,0.635819,0.803406,0.899581,0.975261,1.09815,1.233041,1.366207,1.511253,1.679316,1.775379,1.857375,1.92084,
5,L,1077.4,0.0,0.104711,0.265061,0.427976,0.559385,0.821898,1.222995,1.549815,1.835432,2.281385,3.09689,3.989247,4.039353,4.121029,4.169017,
6,R,1187.6,0.0,0.196894,0.709639,1.592164,2.237975,2.433475,2.559313,2.654838,2.754004,2.832338,2.930185,3.015939,3.116102,3.298222,3.396148,
7,L,1350.0,0.0,0.171907,0.347473,0.465665,0.623147,0.819982,1.035193,1.354781,1.560539,1.638472,1.781749,2.047382,2.74691,6.68416,7.492256,
8,R,1451.7,0.0,0.152615,0.507523,0.899529,1.325161,1.728194,1.885006,2.190056,NA,3.20357,3.407691,3.558806,3.703048,3.828908,3.892444,
START_TIME,1595956348.0,
END_TIME,1595957822.0,
TOTAL_TIME,1473.6