BURST_NUMBER,ORIENTATION,START_TIME,Gate0,Gate1,Gate2,Gate3,Gate4,Gate5,Gate6,Gate7,Gate8,Gate9,Gate10,Gate11,Gate12,Gate13,Gate14,
1,R,260.9,0.0,7.681653,7.879878,7.941059,8.011622,8.116619,8.173703,8.260542,8.319983,8.380333,8.464323,8.542263,8.645723,8.803986,8.948065,
2,L,376.3,0.0,0.124901,0.37318,0.788815,1.209747,1.998299,2.595954,3.01463,3.305898,3.479705,3.656651,3.882086,4.18683,4.649261,4.938234,
3,R,441.8,0.0,0.13791,0.471373,1.012714,1.885996,2.824034,2.920992,3.019847,NA,NA,NA,-5.094957,3.859955,4.057173,4.169446,
4,L,534.9,NA,NA,NA,0.0,10.117382,10.478307,10.958845,11.477639,12.149885,12.804531,13.308158,13.789323,14.385923,15.388235,15.986748,
5,R,614.1,0.0,0.083201,0.419846,0.89715,1.73397,2.670205,2.798589,2.973966,3.144863,3.320965,3.545722,3.884036,4.551586,5.170819,5.56247,
6,L,690.1,0.0,0.05674,0.148575,0.201681,0.248975,0.316921,0.36197,0.420497,0.478033,0.532516,0.603764,0.680328,0.751035,0.837965,0.872886,
7,R,737.0,0.0,0.039881,0.126138,0.231239,0.369327,0.532312,0.714539,0.924151,1.190963,1.589273,NA,1.985054,3.798339,5.037931,6.490922,
8,L,782.3,NA,NA,NA,0.0,15.723909,15.826961,15.91985,15.99747,16.06078,16.132261,16.209844,16.309028,16.378276,16.522464,16.5773,
START_TIME,1595963224.0,
END_TIME,1595964051.0,
TOTAL_TIME,826.8