BURST_NUMBER,ORIENTATION,START_TIME,Gate0,Gate1,Gate2,Gate3,Gate4,Gate5,Gate6,Gate7,Gate8,Gate9,Gate10,Gate11,Gate12,Gate13,Gate14,
1,R,480.9,0.0,0.019093,0.054654,0.097375,0.118301,NA,NA,NA,0.265127,0.293892,0.323567,0.35821,0.406249,0.457977,0.473944,
2,L,562.2,0.0,0.191119,0.771908,1.053725,1.187785,1.337123,1.438726,1.556235,1.712832,1.852809,2.063619,2.360475,2.669452,3.18994,3.497798,
3,R,599.3,0.0,0.046018,0.117262,0.21689,0.297984,0.392702,0.455989,0.54059,0.624662,0.707274,0.80916,0.921037,1.037193,1.149877,1.235473,
4,L,637.3,NA,NA,NA,0.0,11.676576,11.72378,11.789136,11.849253,11.930421,11.978095,12.063839,12.125047,12.205051,12.286326,12.317334,
5,R,721.9,0.0,0.022681,0.067004,NA,NA,NA,0.270361,NA,NA,NA,NA,-3.777919,0.723107,1.052958,1.31159,
6,L,821.1,NA,NA,NA,0.0,16.786015,16.851,16.888334,16.960549,17.025906,17.075678,17.159053,17.220604,17.300096,17.402015,17.449058,
7,R,921.1,0.0,0.123883,0.328424,0.631904,1.766581,1.881014,1.938363,1.995393,2.081318,2.161907,2.226673,2.272428,2.321998,2.370059,2.41076,
8,L,994.7,0.0,0.105178,0.267164,0.42337,0.558545,0.720855,0.886745,1.165791,1.639269,2.187705,3.263471,4.123184,4.289539,4.473652,4.538903,
START_TIME,1595969013.0,
END_TIME,1595970046.0,
TOTAL_TIME,1032.9