BURST_NUMBER,ORIENTATION,START_TIME,Gate0,Gate1,Gate2,Gate3,Gate4,Gate5,Gate6,Gate7,Gate8,Gate9,Gate10,Gate11,Gate12,Gate13,Gate14,
1,L,79.4,0.0,0.194363,0.436936,0.568075,0.677855,0.805128,0.959175,1.197906,1.535287,2.163031,2.68778,3.161763,3.85282,5.506887,6.331231,
2,R,153.6,0.0,0.165603,0.361039,0.593405,0.855044,1.184554,1.489199,1.756339,2.046058,2.250413,2.392766,2.594882,2.74774,2.887022,3.051023,
3,L,208.6,0.0,0.181456,0.767457,1.219939,1.665285,2.876967,3.700339,4.149149,4.204887,4.31894,4.466943,4.67779,4.958578,5.374167,5.571805,
4,R,261.9,0.0,0.181636,0.365708,0.455029,0.567237,0.69117,0.821611,0.97868,1.26809,1.408856,1.484403,1.649181,1.888759,2.20969,2.487886,
5,L,356.3,0.0,0.201495,0.542711,0.759687,0.950372,1.199196,1.593061,1.844634,2.077644,2.421539,2.90718,3.432932,4.155735,5.509779,5.960617,
6,R,430.0,0.0,0.174131,0.816651,2.196663,3.451983,12.212556,12.340462,12.454476,NA,NA,NA,0.474035,13.078561,13.241577,13.337643,
7,R,516.6,0.0,0.153325,0.210165,0.27417,0.34156,0.4252,0.512181,0.598554,0.678463,0.792027,0.879347,0.982192,1.143711,1.242182,1.308985,
8,L,552.9,0.0,0.111838,0.376782,0.851511,1.660353,13.401484,13.477857,13.566728,13.643693,13.746248,13.860398,14.03036,14.162167,14.34051,14.455457,
9,L,616.4,NA,NA,NA,0.0,15.162637,15.214282,15.291719,15.337729,15.378737,15.431418,15.480278,15.54518,15.628885,15.780629,15.845731,
START_TIME,1595970949.0,
END_TIME,1595971598.0,
TOTAL_TIME,648.8