BURST_NUMBER,ORIENTATION,START_TIME,Gate0,Gate1,Gate2,Gate3,Gate4,Gate5,Gate6,Gate7,Gate8,Gate9,Gate10,Gate11,Gate12,Gate13,Gate14,
1,L,35.6,0.0,0.169827,0.401404,0.805981,1.031306,1.749011,2.166606,2.845955,3.196637,3.759576,4.072691,4.458545,5.024043,5.986052,6.549247,
2,R,110.4,0.0,0.040967,0.130458,0.409995,0.810143,0.87758,0.95132,1.024202,1.136083,1.271129,1.349947,1.4183,1.608771,1.82157,1.871361,
3,L,180.3,0.0,0.09673,0.340902,0.638762,0.904191,1.138431,1.342713,1.515617,1.664424,1.839822,2.022448,2.210103,2.521815,3.124349,3.498956,
4,R,257.9,0.0,0.025499,0.262917,0.490864,0.663947,1.157994,1.432322,1.674078,1.867883,2.198948,2.622829,2.96433,3.366059,4.562483,5.018722,
5,L,310.5,0.0,0.14412,0.445849,0.979493,1.19678,1.288107,1.496284,1.612722,1.680711,1.795725,1.917506,2.048232,2.126687,2.242314,2.291025,
6,R,360.2,0.0,0.020781,0.219043,0.415585,0.43429,0.5043,0.59992,0.938347,1.091028,1.217007,1.296055,1.482655,1.67912,1.753588,1.88056,
7,L,407.8,NA,NA,NA,0.0,41.478512,41.66993,41.80708,41.905424,41.994253,42.124994,42.226647,42.329928,42.423281,42.536967,42.572422,
8,R,514.2,0.0,0.45639,2.484206,3.093384,3.683681,4.134242,4.598704,9.755305,10.293274,10.573125,10.851789,11.432195,11.596897,11.838167,11.964841,
START_TIME,1595973896.0,
END_TIME,1595974458.0,
TOTAL_TIME,561.4