BURST_NUMBER,ORIENTATION,START_TIME,Gate0,Gate1,Gate2,Gate3,Gate4,Gate5,Gate6,Gate7,Gate8,Gate9,Gate10,Gate11,Gate12,Gate13,Gate14,
1,R,39.2,NA,NA,NA,NA,NA,NA,NA,NA,NA,NA,NA,NA,NA,NA,0.0,
2,R,69.0,0.0,0.125229,0.340935,0.604788,0.936744,1.128389,1.504941,1.904331,2.149519,2.446679,2.941845,3.677816,4.691296,5.450285,5.774927,
3,L,101.6,NA,NA,NA,0.0,6.519098,6.936766,7.657436,NA,8.383061,8.446828,8.550619,8.630314,8.706923,8.792438,8.829445,
4,R,145.6,0.0,0.197489,0.476186,0.528338,0.620902,0.740163,0.821555,0.926776,1.06571,1.266687,1.329315,1.416419,1.568471,1.71664,1.800714,
5,R,181.7,0.0,0.175053,0.309963,0.485855,0.662923,0.80288,0.928612,1.035673,1.176546,1.381537,1.571385,1.699579,1.928391,2.318634,2.543847,
6,L,225.0,0.0,0.041449,0.119061,0.248665,0.29088,0.410844,0.467816,0.545837,0.628623,0.74339,0.890453,0.964614,1.041716,1.162055,1.197686,
7,R,267.6,0.0,0.125104,0.364126,0.528757,NA,0.905945,0.995238,1.074739,1.429274,5.928445,6.070935,6.254805,6.442659,6.57054,6.715925,
8,L,318.6,0.0,0.096215,0.263982,0.406822,0.62257,1.199382,1.969707,2.260825,2.578687,2.714055,2.950865,3.259223,3.470233,3.687493,3.769411,
START_TIME,1595983672.0,
END_TIME,1595983999.0,
TOTAL_TIME,327.2