BURST_NUMBER,ORIENTATION,START_TIME,Gate0,Gate1,Gate2,Gate3,Gate4,Gate5,Gate6,Gate7,Gate8,Gate9,Gate10,Gate11,Gate12,Gate13,Gate14,
1,L,1270.2,0.0,0.104546,0.377451,0.504333,0.565308,0.653749,0.712626,0.760409,0.815815,0.865688,0.930306,0.984649,1.016442,1.06784,1.086892,
2,R,1327.1,0.0,0.021813,0.101113,0.165576,0.206733,0.259386,0.301799,0.327071,0.37972,NA,NA,0.474901,0.512344,0.555375,0.590555,
3,L,1380.8,0.0,0.440405,0.502684,0.597728,0.672518,0.740027,0.785958,0.826165,0.859766,0.92437,0.971211,1.018496,1.05192,1.100078,1.126815,
4,R,1427.5,0.0,0.192176,0.676104,1.22021,2.148605,2.8724,3.204978,3.780942,4.235291,4.288062,4.342114,4.409168,4.457322,4.509248,4.534787,
5,L,1495.5,0.0,0.789461,1.194403,2.188469,3.8207,4.007719,4.066379,4.121684,4.168015,4.204434,4.24184,4.304347,4.353281,4.399055,4.417979,
6,R,1545.1,0.0,0.13685,0.356824,0.474748,0.629006,0.87043,1.225221,1.884839,2.604781,2.778997,2.957637,3.169722,3.478855,4.01844,4.514355,
7,L,1670.5,0.0,0.285015,1.757961,2.012198,2.12321,2.218945,2.261501,2.32172,2.372995,2.450826,2.534198,2.613784,2.66246,2.727713,2.759326,
8,R,1721.9,0.0,0.127991,0.65229,1.157864,1.443724,1.585028,1.767454,1.874879,2.053039,2.240002,2.45742,2.611347,2.747326,2.878349,3.00739,
START_TIME,1595989637.0,
END_TIME,1595991373.0,
TOTAL_TIME,1736.6