BURST_NUMBER,ORIENTATION,START_TIME,Gate0,Gate1,Gate2,Gate3,Gate4,Gate5,Gate6,Gate7,Gate8,Gate9,Gate10,Gate11,Gate12,Gate13,Gate14,
1,L,584.1,0.0,0.215048,0.914473,1.310547,1.379953,1.46324,1.583664,1.79817,2.140316,2.560251,3.207082,4.109587,5.890012,8.987939,10.259471,
2,R,640.1,0.0,0.232527,1.925392,2.007297,2.107652,2.349974,2.759608,3.426764,4.351542,4.909002,5.13856,5.529592,5.873877,6.057009,6.204593,
3,L,709.3,0.0,1.024327,2.402512,4.178039,4.869873,5.261254,13.815693,13.900911,13.980476,14.090125,14.214157,14.346739,14.504813,14.702238,14.783898,
4,L,773.9,NA,0.0,1.966479,2.581139,2.642193,2.699188,2.77131,2.811689,2.878135,2.943846,2.989693,3.048756,3.095247,3.147407,3.182725,
5,R,830.5,0.0,0.146978,0.911511,1.609483,1.872408,2.399567,3.064558,3.569191,3.794053,3.857723,3.955241,4.095514,4.257728,4.383348,4.451685,
6,L,875.0,0.0,0.036838,0.160502,0.39057,0.695534,1.017923,1.323507,1.813827,2.245075,2.327162,2.368709,2.401516,2.439409,2.490306,2.50941,
7,R,943.7,0.0,0.020122,0.143268,0.289062,0.514295,1.017807,2.215818,2.473038,2.579338,2.79792,3.200334,3.880395,4.432934,4.508219,4.559732,
8,L,976.6,NA,NA,NA,0.0,6.600802,7.266128,NA,7.502089,7.541985,7.695799,7.767606,7.865209,7.993634,8.133508,8.18234,
START_TIME,1595991442.0,
END_TIME,1595992457.0,
TOTAL_TIME,1014.7