BURST_NUMBER,ORIENTATION,START_TIME,Gate0,Gate1,Gate2,Gate3,Gate4,Gate5,Gate6,Gate7,Gate8,Gate9,Gate10,Gate11,Gate12,Gate13,Gate14,
1,R,642.1,0.0,0.113883,0.586685,1.725886,1.772338,1.806932,1.851814,1.89569,1.913896,1.955316,1.995744,2.0435,2.089692,2.125132,2.144053,
2,L,698.7,0.0,0.083038,0.281646,0.595013,1.07008,1.795026,1.977081,2.212961,2.515286,2.837419,3.454653,4.663445,7.191102,8.164027,8.555769,
3,R,750.9,0.0,0.253636,2.228819,2.80231,3.614043,3.847986,3.916664,3.988515,4.106568,4.209359,4.308913,4.419498,4.537983,4.633716,4.698145,
4,L,810.5,0.0,0.360619,2.139409,3.180932,3.720561,3.79826,3.836964,3.895099,3.942847,4.006972,4.079318,4.154109,4.217641,4.282139,4.317477,
5,R,867.0,0.0,0.507242,2.656758,3.114869,3.165114,3.206576,3.270505,3.344068,3.466275,3.634472,3.803221,3.931917,4.082653,4.26,4.374894,
6,L,941.5,0.0,0.721451,15.153515,17.25975,17.646609,18.087666,18.972935,19.312057,19.418024,19.613936,19.769911,19.900758,20.036822,20.214297,20.315388,
7,R,996.6,0.0,0.344287,0.869112,1.070117,1.279912,1.485669,1.663344,1.824229,2.010768,2.197235,2.391846,2.675003,3.242934,4.228542,5.51603,
8,L,1048.4,0.0,0.54627,3.517727,5.21799,5.266878,5.343673,5.448287,5.605398,5.76747,5.91369,6.078519,6.368767,6.900043,7.586843,7.701942,
START_TIME,1595998757.0,
END_TIME,1595999833.0,
TOTAL_TIME,1075.7