BURST_NUMBER,ORIENTATION,START_TIME,Gate0,Gate1,Gate2,Gate3,Gate4,Gate5,Gate6,Gate7,Gate8,Gate9,Gate10,Gate11,Gate12,Gate13,Gate14,
1,L,245.3,0.0,0.046987,0.14856,0.335616,0.584237,1.269184,2.426465,2.464399,2.50107,2.540862,2.572448,2.62143,2.637198,2.669119,2.68742,
2,R,314.5,0.0,0.044984,0.314852,1.039881,2.013814,2.4237,2.968531,3.606709,3.74448,3.822251,4.101046,5.012383,6.195501,NA,6.201045,
3,L,362.0,0.0,0.2139,1.21393,2.35757,2.4222,2.537429,2.778364,3.485686,4.80923,4.941163,5.045532,5.127804,5.211268,5.279208,5.314935,
4,R,443.5,0.0,2.924568,2.98193,3.033024,3.084097,3.126013,3.166657,3.192311,3.241631,3.284764,3.330021,3.385514,3.467548,3.547522,3.583011,
5,L,516.6,0.0,0.414173,NA,NA,NA,NA,NA,NA,NA,NA,NA,NA,NA,20.718268,20.642265,
6,L,588.9,0.0,0.056221,0.138646,0.190797,0.24195,0.310275,0.3971,0.486585,0.620485,0.788493,0.869941,0.959846,1.078952,1.304824,1.418575,
7,R,696.9,0.0,0.101975,0.330368,0.552066,0.744889,1.160577,1.422771,1.703036,1.988505,2.415406,2.877667,3.320086,3.677928,3.85503,4.113911,
8,L,741.2,0.0,0.041462,0.084147,0.159212,0.173233,0.223599,0.285097,0.371527,0.475013,0.589812,0.682342,0.795679,0.935012,1.062011,1.13036,
START_TIME,1596002934.0,
END_TIME,1596003685.0,
TOTAL_TIME,751.0