BURST_NUMBER,ORIENTATION,START_TIME,Gate0,Gate1,Gate2,Gate3,Gate4,Gate5,Gate6,Gate7,Gate8,Gate9,Gate10,Gate11,Gate12,Gate13,Gate14,
1,L,226.9,0.0,0.141544,0.536482,1.467817,NA,NA,NA,NA,NA,NA,NA,NA,NA,9.329811,8.963172,
2,L,261.7,0.0,0.186633,0.489837,0.856825,1.319729,1.888011,2.011889,2.10482,2.208039,2.274562,2.385262,2.540767,2.765731,3.039602,3.203796,
3,R,318.1,0.0,0.080067,0.367292,0.834705,1.483861,1.757169,2.15061,2.498734,2.552866,2.569089,2.619032,2.689455,2.735628,2.788676,2.836764,
4,L,372.2,0.0,0.23422,0.599865,0.999597,1.420512,1.963081,2.042521,2.112316,2.187317,2.278207,2.390374,2.537239,2.718875,2.94969,3.067465,
5,R,442.2,0.0,0.136149,0.462578,0.506823,0.57577,0.650464,0.74214,0.870265,1.0896,1.353051,1.695108,2.134392,3.349061,3.730737,4.007103,
6,L,497.6,0.0,0.440898,1.102272,1.843255,2.107568,3.018985,3.262761,3.692536,4.132369,4.278026,4.499179,4.777776,5.238876,6.055392,6.41576,
7,R,547.8,0.0,0.148715,0.797317,2.028133,2.867793,4.770859,4.913386,4.979979,5.035559,5.197437,5.259735,5.480727,5.871558,6.187524,6.315601,
8,L,604.4,0.0,0.06363,0.633805,1.868985,2.105254,2.501061,2.792663,2.896484,2.948693,2.998007,3.066219,3.137374,3.16997,3.219187,3.23461,
9,R,662.3,0.0,0.21031,0.416042,0.649888,NA,1.028088,1.172286,1.476111,1.616057,1.84257,2.098197,2.215951,2.355006,2.454367,2.538721,
10,L,719.6,NA,0.0,0.102171,0.147867,0.230717,0.303152,0.36387,0.416325,0.459745,0.526772,0.598962,0.700349,0.817959,1.029863,1.142061,
START_TIME,1596004104.0,
END_TIME,1596004841.0,
TOTAL_TIME,737.3