BURST_NUMBER,ORIENTATION,START_TIME,Gate0,Gate1,Gate2,Gate3,Gate4,Gate5,Gate6,Gate7,Gate8,Gate9,Gate10,Gate11,Gate12,Gate13,Gate14,
1,R,94.8,0.0,0.17209,0.695066,1.463599,2.238627,2.652923,2.972993,3.230025,3.60391,4.052994,4.783201,5.643652,6.76769,7.676203,8.275048,
2,L,168.2,0.0,0.030423,0.133017,0.405363,0.624504,1.243194,NA,NA,NA,NA,NA,1.602564,NA,13.241778,13.35521,
3,L,220.9,NA,NA,NA,NA,NA,NA,NA,NA,NA,NA,NA,NA,NA,NA,0.0,
4,R,289.9,0.0,0.198154,0.250927,0.386281,1.087922,1.668875,2.26192,NA,3.020021,3.430411,3.684997,3.976607,4.284441,5.133191,5.084908,
5,L,359.4,0.0,0.035253,0.122806,0.328651,0.971764,1.192249,1.402478,1.617903,1.877938,2.092475,2.418262,2.885158,3.308878,3.956631,4.186923,
6,R,421.9,NA,NA,0.0,29.351327,29.480129,29.653075,29.797033,29.908898,30.057019,30.311598,30.567475,30.651457,30.784646,30.994108,31.124755,
7,L,533.1,0.0,0.872611,1.199268,1.307067,1.55041,1.85296,1.898048,2.107158,2.335319,2.625813,2.817305,3.178396,3.490966,4.041495,4.414005,
8,R,579.4,0.0,2.513848,2.698075,NA,NA,3.715376,3.755641,NA,3.890732,3.946896,4.027458,4.105305,4.171284,4.254523,4.302535,
9,L,647.9,0.0,1.37025,1.551239,2.137906,2.441731,2.734604,2.917434,3.209138,3.463272,3.513069,NA,NA,3.65982,3.729842,3.761426,
START_TIME,1596008601.0,
END_TIME,1596009300.0,
TOTAL_TIME,698.3