BURST_NUMBER,ORIENTATION,START_TIME,Gate0,Gate1,Gate2,Gate3,Gate4,Gate5,Gate6,Gate7,Gate8,Gate9,Gate10,Gate11,Gate12,Gate13,Gate14,
1,L,53.2,0.0,0.059245,0.176434,0.297292,0.399752,0.520017,0.660951,0.750498,0.805003,0.873837,0.92622,1.002999,1.067788,1.132205,1.151051,
2,R,112.7,0.0,0.573159,0.697607,0.948543,1.092808,1.205718,1.326811,1.577983,1.836229,2.157258,2.451463,2.917553,4.110757,5.415065,5.688099,
3,L,166.8,NA,NA,NA,0.0,8.978443,9.014492,9.056672,9.101166,9.149686,9.18338,9.229087,9.2783,9.330428,9.382062,9.400955,
4,R,241.7,0.0,0.26926,0.57805,0.795685,1.111858,1.868375,2.638404,2.770613,NA,NA,NA,-18.059219,3.056249,3.119073,3.150649,
5,L,292.7,NA,NA,NA,0.0,9.826539,10.183434,10.257429,10.338799,10.433884,10.493773,10.539956,10.587997,10.628122,10.681598,10.700926,
6,R,356.8,0.0,0.068521,0.268547,0.422152,0.554468,0.711162,0.766414,0.902932,0.980389,1.129721,1.290023,1.399405,1.529764,1.673408,1.785259,
7,L,413.3,0.0,3.407669,3.633116,4.060421,4.613738,4.66826,4.715113,4.773708,4.816663,4.871357,4.906275,4.954714,4.987169,5.034891,5.050203,
8,R,486.4,0.0,0.040245,NA,0.374637,0.405639,0.502793,0.57603,0.66297,0.749322,0.843985,0.951224,1.05048,1.146385,1.27903,1.330726,
START_TIME,1596009958.0,
END_TIME,1596010490.0,
TOTAL_TIME,532.6