BURST_NUMBER,ORIENTATION,START_TIME,Gate0,Gate1,Gate2,Gate3,Gate4,Gate5,Gate6,Gate7,Gate8,Gate9,Gate10,Gate11,Gate12,Gate13,Gate14,
1,L,500.1,NA,NA,NA,0.0,5.945511,6.2357,6.587256,7.547577,8.491876,8.616048,8.83535,9.147628,9.542588,10.259681,10.726577,
2,R,571.6,0.0,0.058302,0.296464,0.697934,1.681421,3.447396,3.560643,3.638436,NA,NA,NA,-17.715112,4.125608,4.200692,4.252045,
3,L,633.6,NA,NA,NA,0.0,7.002732,7.184892,7.402869,7.707843,8.121822,8.498338,8.865704,9.401496,10.262672,11.936336,14.048599,
4,R,697.0,0.0,0.011918,0.075775,0.168361,0.25021,0.327163,0.40435,0.497655,0.62976,0.792423,1.01798,1.178711,1.361208,1.755216,2.043649,
5,L,740.6,NA,NA,NA,0.0,18.894914,18.951383,18.993365,19.049425,19.097109,19.148941,19.1901,19.25526,19.321973,19.381818,19.41742,
6,R,842.1,0.0,0.340046,NA,1.644688,2.619493,3.170854,3.700616,NA,NA,NA,3.922054,3.997399,4.068516,4.148394,4.229423,
7,L,927.6,NA,NA,NA,0.0,5.698055,5.976236,6.388945,6.716836,6.852943,7.071533,NA,NA,-2.228502,9.645043,9.724528,
8,R,1045.5,0.0,0.072119,0.140983,0.214634,0.283689,0.327726,0.396946,0.486527,0.604085,0.845926,0.961698,1.090969,1.177901,1.341315,1.425375,
START_TIME,1596012143.0,
END_TIME,1596013223.0,
TOTAL_TIME,1079.7