BURST_NUMBER,ORIENTATION,START_TIME,Gate0,Gate1,Gate2,Gate3,Gate4,Gate5,Gate6,Gate7,Gate8,Gate9,Gate10,Gate11,Gate12,Gate13,Gate14,
1,L,29.9,0.0,NA,0.773761,0.847363,0.876049,0.912432,0.936795,0.972436,0.99783,1.032121,1.067839,1.095841,1.129476,1.165949,1.181283,
2,R,179.1,0.0,0.919084,1.577856,2.252794,3.56074,4.213687,4.335384,4.555444,5.281273,5.795342,6.473186,6.820196,7.921061,9.12415,9.787523,
3,R,242.5,0.0,0.163716,0.229242,0.324762,0.474598,0.682195,0.945077,1.305272,1.929175,2.091803,2.315855,2.633664,3.129672,3.899818,4.448745,
4,L,315.4,0.0,0.350847,1.132428,2.27202,2.344052,2.444609,2.572072,2.688671,2.837073,2.986708,3.129955,3.318381,3.550488,3.928568,4.124125,
5,R,351.5,NA,NA,0.0,1.79835,2.014259,2.473023,2.922204,2.996005,3.092425,3.226691,3.461946,3.724975,4.170129,4.731373,5.08745,
6,L,440.7,0.0,0.434234,0.880546,1.455705,1.957403,NA,2.509745,NA,2.822935,2.911802,3.015299,3.151718,3.270311,3.627608,3.692204,
7,R,560.3,0.0,0.181685,0.569737,1.365963,2.74693,3.109598,3.326419,3.719551,4.104546,NA,NA,4.383157,5.915786,6.571922,6.83,
8,L,590.1,NA,NA,NA,0.0,9.674845,10.246938,10.30526,10.363925,10.425777,10.512831,10.609226,10.659427,10.742965,10.826424,10.861524,
9,R,637.4,0.0,0.123148,0.236322,0.493395,0.655339,0.868708,0.891553,NA,1.474954,1.82754,2.106145,2.339775,2.58678,2.944826,3.254002,
START_TIME,1596015168.0,
END_TIME,1596015920.0,
TOTAL_TIME,752.1