BURST_NUMBER,ORIENTATION,START_TIME,Gate0,Gate1,Gate2,Gate3,Gate4,Gate5,Gate6,Gate7,Gate8,Gate9,Gate10,Gate11,Gate12,Gate13,Gate14,
1,R,527.9,0.0,0.021014,0.091113,NA,0.391564,NA,0.770869,NA,NA,NA,NA,-11.887268,2.192636,2.77097,3.161592,
2,L,597.2,0.0,1.976064,2.253294,2.448967,2.560667,NA,NA,2.881483,3.006696,3.088585,3.203055,3.285396,3.479249,3.655004,3.802634,
3,R,653.9,0.0,0.201745,0.438141,0.564251,0.656095,0.769068,0.929876,1.222538,1.837725,2.570922,3.493746,3.759487,4.35684,4.683973,4.829507,
4,L,707.3,0.0,0.070498,0.209789,0.335367,0.43597,NA,NA,NA,0.880218,1.087694,1.234256,1.317309,1.547707,1.642935,1.77332,
5,R,761.9,0.0,0.177085,1.310928,1.393527,1.455645,1.665047,1.819696,2.007211,2.600163,2.74272,2.871615,3.250231,4.105529,4.393266,4.559662,
6,L,811.9,NA,NA,NA,0.0,1.285651,NA,NA,NA,1.671111,1.788612,1.8753,2.066088,2.24188,2.541238,2.505749,
7,R,871.6,0.0,0.0415,0.180801,0.372094,0.693944,1.39851,1.742665,1.999646,2.856139,2.948304,3.033129,3.199151,3.490499,4.209435,5.251541,
8,L,922.3,0.0,0.004814,NA,NA,0.348262,NA,NA,NA,NA,NA,NA,NA,NA,16.506471,16.502958,
START_TIME,1596018306.0,
END_TIME,1596019294.0,
TOTAL_TIME,988.1