BURST_NUMBER,ORIENTATION,START_TIME,Gate0,Gate1,Gate2,Gate3,Gate4,Gate5,Gate6,Gate7,Gate8,Gate9,Gate10,Gate11,Gate12,Gate13,Gate14,
1,L,548.9,0.0,0.026839,0.063626,0.092608,0.123185,0.150512,0.192747,0.227977,0.271799,0.300864,0.352602,0.391448,0.438396,0.487351,0.521942,
2,R,593.7,0.0,0.338061,2.482421,2.938613,3.212732,3.259916,3.312913,3.349276,NA,NA,NA,-6.68657,3.550013,3.632321,3.667682,
3,L,654.9,0.0,0.222878,0.451368,0.624118,0.819733,1.18274,2.286972,3.495955,3.671206,3.721433,3.783451,3.820536,3.852257,3.91852,3.950167,
4,R,743.2,0.0,0.1055,0.167122,0.249101,0.295947,0.336875,0.418068,0.471834,0.563276,0.702852,0.970303,1.336188,2.153745,2.776856,3.311048,
5,L,808.2,0.0,0.331322,0.399335,0.447231,0.474848,0.522958,0.549955,0.602733,0.645205,0.69777,0.772158,0.869913,1.000597,1.173806,1.243301,
6,R,872.6,0.0,0.015997,0.082859,0.128388,0.170461,0.235624,0.284779,0.388611,0.542873,0.914952,1.299594,1.403275,1.514246,1.625191,1.710497,
7,L,918.1,0.0,0.205102,0.52703,0.623153,0.701047,0.814346,0.909946,1.024455,1.136449,1.336026,1.607411,2.114409,3.019628,3.728292,4.018899,
8,R,974.7,0.0,0.300276,3.820054,4.02524,4.173464,4.355151,4.612798,4.787111,4.831596,4.896781,4.932702,4.998024,5.064459,5.095809,5.128567,
START_TIME,1596024024.0,
END_TIME,1596025024.0,
TOTAL_TIME,1000.5