BURST_NUMBER,ORIENTATION,START_TIME,Gate0,Gate1,Gate2,Gate3,Gate4,Gate5,Gate6,Gate7,Gate8,Gate9,Gate10,Gate11,Gate12,Gate13,Gate14,
1,R,627.1,0.0,1.007671,7.747085,8.229626,8.270613,8.330799,8.357,8.395758,8.421762,8.455493,8.487894,8.519189,NA,8.716756,8.673804,
2,L,679.6,0.0,0.241471,0.893418,1.487647,1.924174,1.968278,2.010414,2.070833,2.100914,2.141352,2.174142,2.221852,2.255478,2.283217,2.300032,
3,R,711.7,0.0,0.018805,0.089834,0.123801,0.171765,0.219551,0.263923,0.303237,0.338707,NA,NA,0.461372,0.502758,0.5211,0.552733,
4,L,768.2,0.0,0.251938,0.301797,0.375557,0.421961,0.487502,0.531696,0.605761,0.660451,0.726034,0.786874,0.868515,0.931128,0.985021,1.022039,
5,R,820.6,0.0,0.19936,1.367036,NA,2.789165,3.023941,3.32599,NA,3.951059,4.116694,4.209882,4.225558,4.558646,4.68212,4.812378,
6,L,871.7,0.0,0.528615,2.523973,3.172257,3.514311,3.597837,3.651736,3.718592,3.760394,3.794754,3.857201,3.911717,3.97355,4.021632,4.037006,
7,R,945.3,0.0,NA,0.270088,0.368377,0.431262,0.573376,0.631945,0.709078,0.716007,NA,0.837823,0.968565,0.989388,1.038502,1.082909,
8,L,1003.3,0.0,0.095874,0.165543,0.229516,0.290799,0.351045,0.411981,0.48187,0.555263,0.605362,0.692138,0.771802,0.871322,0.985313,1.052696,
START_TIME,1596026233.0,
END_TIME,1596027268.0,
TOTAL_TIME,1035.7