BURST_NUMBER,ORIENTATION,START_TIME,Gate0,Gate1,Gate2,Gate3,Gate4,Gate5,Gate6,Gate7,Gate8,Gate9,Gate10,Gate11,Gate12,Gate13,Gate14,
1,L,567.7,0.0,0.10873,0.322404,0.614083,1.071136,1.769173,1.928077,2.007745,2.134483,2.281011,2.387635,2.506388,2.601446,2.703839,2.74982,
2,R,610.2,0.0,0.127797,0.373823,0.70251,1.187723,2.130887,2.196371,2.269501,2.386915,2.503581,2.6029,2.705963,2.839757,2.972582,3.05716,
3,L,674.5,0.0,0.182826,0.420732,0.867333,1.670833,1.751767,1.881905,1.999945,2.074545,2.144785,2.213727,2.260192,2.330575,2.426434,2.445889,
4,R,749.1,0.0,0.087551,0.246544,0.490946,0.980998,1.449072,2.078823,2.190156,2.289043,2.406582,2.571147,2.686964,2.848951,3.0219,3.118721,
5,L,795.1,0.0,0.150762,0.572239,1.218137,1.902848,2.009289,2.110355,2.287143,2.458034,2.58171,2.688165,2.789965,2.918765,3.081425,3.129297,
6,R,831.3,0.0,0.083274,0.222772,0.371953,0.505016,0.655376,0.832613,NA,1.45682,2.038841,3.628116,3.939031,4.543819,5.190905,5.357528,
7,L,868.8,0.0,0.166935,7.89181,8.044399,8.318201,9.257245,9.682543,10.143038,11.018151,11.106975,11.326461,11.537227,11.731434,12.153763,12.173061,
8,R,933.0,0.0,0.063616,0.246623,0.329678,0.450738,0.604954,0.830483,1.122488,1.300006,1.376822,1.492051,1.656627,1.916736,2.360462,3.011249,
9,L,972.8,0.0,0.145045,0.553366,1.301718,1.987536,2.181771,2.257108,NA,2.455613,2.541522,2.620778,2.718213,2.829497,3.035744,3.135845,
START_TIME,1596026995.0,
END_TIME,1596027987.0,
TOTAL_TIME,992.6