BURST_NUMBER,ORIENTATION,START_TIME,Gate0,Gate1,Gate2,Gate3,Gate4,Gate5,Gate6,Gate7,Gate8,Gate9,Gate10,Gate11,Gate12,Gate13,Gate14,
1,L,531.9,0.0,1.126405,1.353972,1.403057,1.43486,1.472406,1.492283,1.530326,1.552848,1.592434,1.60965,1.644419,1.658954,1.691467,1.706861,
2,R,563.0,0.0,0.066537,0.203716,0.318409,0.457063,0.58755,0.708684,0.833372,0.994348,1.222964,1.516766,1.996358,2.853619,4.304007,4.707091,
3,L,613.0,0.0,0.514242,1.20855,1.269207,1.316112,1.383099,1.475287,1.577275,1.666167,1.79288,1.918542,2.021166,2.089516,2.234659,2.315132,
4,R,686.4,0.0,0.308558,0.399032,0.467503,0.567323,0.659831,0.775521,0.863205,0.96081,1.064501,1.172803,1.282379,1.426408,1.620511,1.734651,
5,L,747.1,0.0,1.229066,1.31145,1.360282,1.389217,1.436966,1.459911,1.52647,1.565615,1.614653,1.692357,1.782343,1.878784,1.990595,2.042714,
6,R,802.0,0.0,0.30053,0.662112,0.81332,0.918358,1.016422,1.124088,1.216809,1.298628,1.396596,1.608929,1.748236,1.948264,2.09765,2.184478,
7,L,855.7,0.0,0.149915,0.326512,0.415641,0.513751,0.660772,0.76825,0.90291,1.022987,1.125117,1.262582,1.418747,1.59563,1.8406,1.955564,
8,R,910.8,0.0,0.043489,0.114798,0.148389,0.191065,0.25011,0.295079,0.310512,0.35167,0.397785,0.435525,0.48375,0.517082,0.564864,0.600364,
START_TIME,1596030453.0,
END_TIME,1596031376.0,
TOTAL_TIME,923.2