BURST_NUMBER,ORIENTATION,START_TIME,Gate0,Gate1,Gate2,Gate3,Gate4,Gate5,Gate6,Gate7,Gate8,Gate9,Gate10,Gate11,Gate12,Gate13,Gate14,
1,R,607.7,0.0,0.436682,10.072147,10.244038,10.44201,10.77603,11.650138,11.706858,11.78088,11.888921,11.993821,12.071581,12.125791,12.178894,12.210719,
2,L,682.2,0.0,0.048873,0.36962,0.586239,0.72588,0.846069,0.944009,1.056649,1.156972,1.254897,1.377648,1.488499,1.600903,1.731659,1.795566,
3,R,731.9,0.0,NA,0.162776,0.305342,0.493705,0.630951,0.709219,0.78702,0.898432,0.995213,1.120083,1.228935,1.36611,1.497296,1.548606,
4,L,779.6,0.0,0.321636,0.699953,1.43229,1.764674,1.9795,2.06451,2.11798,2.19485,2.248631,2.30343,2.36799,2.470246,2.518233,2.54994,
5,R,846.1,NA,0.0,7.079711,NA,7.544369,7.69078,7.89656,8.21722,8.575537,NA,8.897095,9.339184,9.85399,10.438517,10.716661,
6,L,965.3,0.0,0.355055,0.96723,1.111563,1.317569,1.548293,1.67847,1.79817,1.874737,1.984698,2.116652,2.186066,2.292935,2.423246,2.47503,
7,R,1011.8,0.0,0.416398,1.598287,NA,2.318323,2.960587,NA,NA,NA,NA,4.268321,NA,NA,5.868768,5.76823,
8,R,1059.3,0.0,0.139028,0.40314,0.657169,1.399374,1.942761,2.059352,2.147342,2.246571,2.319178,2.395196,2.481725,2.685234,2.834095,2.915129,
START_TIME,1596031452.0,
END_TIME,1596032545.0,
TOTAL_TIME,1093.5