BURST_NUMBER,ORIENTATION,START_TIME,Gate0,Gate1,Gate2,Gate3,Gate4,Gate5,Gate6,Gate7,Gate8,Gate9,Gate10,Gate11,Gate12,Gate13,Gate14,
1,R,51.5,0.0,0.080966,0.288685,0.606318,0.75827,0.944113,1.238233,1.665172,2.477995,4.715121,4.960291,5.429858,5.828264,5.933886,6.016561,
2,L,120.7,0.0,0.200414,0.565578,1.166956,1.952254,2.033109,2.229644,2.303438,2.348529,2.545748,2.712318,2.830631,2.94615,3.058964,3.107142,
3,R,176.4,NA,0.0,14.306825,15.201062,15.692176,15.802374,15.876333,16.031191,16.348314,16.514585,16.680377,17.009331,17.251422,17.580979,17.898205,
4,L,298.5,0.0,0.261317,0.761527,1.048762,1.260325,1.512926,1.74695,1.983224,2.106815,2.453443,2.911081,3.86601,4.367672,4.502309,4.499817,
5,R,361.6,0.0,0.029485,0.125637,0.258622,0.424718,0.523298,0.638823,0.783808,0.986245,1.190185,1.506758,1.849794,2.276895,2.93064,3.16298,
6,L,435.5,0.0,0.475489,0.730997,0.869349,1.046659,1.312727,1.511064,1.707589,1.883058,2.046539,2.466815,2.922989,3.197729,3.698654,3.750213,
7,L,505.3,0.0,0.159094,0.649817,1.405058,1.567049,1.703211,1.817094,1.996728,2.220122,2.491702,2.856875,3.185162,3.529924,4.009949,4.282248,
8,R,565.7,0.0,0.068715,0.157999,0.249976,0.380046,0.547959,0.693073,0.801324,0.904803,1.004835,1.081923,1.18319,1.303289,1.483903,1.600545,
START_TIME,1596043952.0,
END_TIME,1596044536.0,
TOTAL_TIME,584.6