BURST_NUMBER,ORIENTATION,START_TIME,Gate0,Gate1,Gate2,Gate3,Gate4,Gate5,Gate6,Gate7,Gate8,Gate9,Gate10,Gate11,Gate12,Gate13,Gate14,
1,L,32.0,0.0,0.042879,0.10296,0.166906,0.20378,0.24749,0.285928,0.312617,0.360692,0.391437,0.429796,0.463471,0.52911,0.595108,0.628478,
2,R,99.9,0.0,0.120769,0.266095,0.381639,0.491867,0.577438,0.684594,0.777643,0.869088,0.961238,1.043055,1.141842,1.239134,1.326475,1.421734,
3,L,143.2,0.0,0.098206,0.38207,0.772394,1.490404,2.203785,2.351233,2.466991,2.554352,2.616773,2.664607,2.728844,2.793317,2.873764,2.936336,
4,R,195.0,0.0,NA,0.068489,0.151292,0.215534,0.261278,0.301633,0.345561,0.395637,0.43784,0.481268,0.533116,0.599792,0.647941,0.714262,
5,L,256.5,0.0,0.056096,0.161146,0.240831,0.288418,0.32192,0.366944,0.401641,0.443892,0.477454,0.510057,0.54045,NA,-5.146643,0.638861,
6,R,345.6,NA,NA,0.0,0.148955,0.27991,0.404219,0.585352,0.926255,1.479638,1.557825,1.668165,1.750188,1.850064,1.95975,2.060502,
7,L,420.6,0.0,0.113245,0.167297,0.215591,0.26243,0.292985,0.334879,0.369442,0.398472,0.42115,0.454776,0.48896,0.532799,0.568151,0.587257,
8,R,464.5,0.0,0.068059,0.257266,0.487374,0.955295,1.728816,1.847965,2.04491,2.277737,2.432242,2.58787,2.755586,2.973468,3.367895,3.657066,
START_TIME,1596051470.0,
END_TIME,1596051941.0,
TOTAL_TIME,470.9