BURST_NUMBER,ORIENTATION,START_TIME,Gate0,Gate1,Gate2,Gate3,Gate4,Gate5,Gate6,Gate7,Gate8,Gate9,Gate10,Gate11,Gate12,Gate13,Gate14,
1,L,50.1,0.0,1.193394,1.474203,1.51547,1.551454,1.579648,1.607099,1.646225,1.689305,1.720838,1.752489,1.803902,1.830116,1.865435,1.884644,
2,R,131.3,0.0,0.025661,0.135034,0.198152,0.229707,0.274603,0.335418,0.397168,0.443051,0.530683,0.613419,0.705985,0.82407,0.954217,1.022516,
3,L,200.9,0.0,0.014992,0.072024,0.104199,0.128007,0.17247,0.208703,0.246351,0.274318,0.309077,0.345232,0.389186,0.421934,0.469853,0.481238,
4,L,323.3,0.0,0.113179,0.329307,0.509844,0.642574,0.802726,0.976995,1.117135,1.226632,1.353187,1.495346,1.653483,1.882563,2.174015,2.334709,
5,R,422.9,0.0,0.957728,3.955265,4.004617,4.052397,4.091283,4.135419,4.172974,4.222006,4.266371,4.328707,4.407123,4.520326,4.75813,4.872263,
6,L,516.8,0.0,0.179777,0.332671,0.387077,0.428792,0.484757,0.542448,0.61355,0.693233,0.74964,0.830851,0.904411,1.016221,1.14472,1.192881,
7,R,567.6,0.0,0.009128,0.060244,0.105434,0.148214,0.187223,0.227599,0.269899,0.319857,0.382415,0.447072,0.507452,0.605085,0.738091,0.823215,
8,L,621.5,0.0,0.070866,0.135756,0.183569,0.219886,0.268804,0.295387,0.333444,0.376145,0.424999,0.471995,0.538989,0.619026,0.7425,0.803844,
START_TIME,1596054704.0,
END_TIME,1596055356.0,
TOTAL_TIME,652.2