BURST_NUMBER,ORIENTATION,START_TIME,Gate0,Gate1,Gate2,Gate3,Gate4,Gate5,Gate6,Gate7,Gate8,Gate9,Gate10,Gate11,Gate12,Gate13,Gate14,
1,L,51.7,0.0,0.615181,1.69082,1.759511,1.815469,1.859237,1.904142,1.937977,1.962593,2.011161,2.068706,2.113813,2.151064,2.204147,2.222951,
2,R,122.4,0.0,0.243172,1.569015,1.7849,1.924331,2.028966,2.118883,2.19367,2.297993,2.407443,2.51915,2.633433,2.763836,2.929458,3.046306,
3,R,170.5,NA,NA,NA,NA,NA,NA,NA,NA,NA,NA,NA,NA,0.0,0.112246,0.262105,
4,L,216.1,0.0,0.232305,1.087133,2.215761,2.352454,2.49553,2.609893,2.803444,2.952465,3.191257,3.516416,3.782031,4.17411,4.615316,4.728956,
5,L,260.6,NA,NA,NA,NA,NA,NA,NA,NA,NA,NA,NA,NA,NA,NA,0.0,
6,L,311.8,0.0,0.164975,0.352808,0.436511,0.479884,0.521948,0.586941,0.632598,0.694172,0.758555,0.824029,0.888777,0.950576,1.013754,1.094362,
7,R,363.6,0.0,0.173775,0.247778,0.300057,0.347427,0.408506,0.454248,0.511665,0.561496,0.642996,0.728756,0.809928,0.888282,0.969955,1.018426,
8,L,451.6,0.0,0.25055,0.537477,0.66707,0.773167,0.955006,1.199507,1.698862,2.334046,2.803587,2.935657,3.075162,3.179905,3.296694,3.328672,
9,R,485.2,0.0,0.101378,0.338848,0.525936,0.777803,1.00184,1.227856,1.536918,2.041736,2.331646,2.387121,2.472092,2.543885,2.61998,2.651772,
START_TIME,1596056184.0,
END_TIME,1596056680.0,
TOTAL_TIME,496.3