BURST_NUMBER,ORIENTATION,START_TIME,Gate0,Gate1,Gate2,Gate3,Gate4,Gate5,Gate6,Gate7,Gate8,Gate9,Gate10,Gate11,Gate12,Gate13,Gate14,
1,R,59.3,0.0,NA,0.066968,0.090455,0.123299,0.143793,0.169685,0.196662,0.224763,0.247668,0.271181,0.302191,0.318621,0.351453,0.363274,
2,R,109.8,NA,NA,NA,NA,NA,NA,NA,NA,NA,NA,NA,NA,NA,0.0,-0.424724,
3,R,148.0,0.0,0.071975,0.445538,1.468824,1.499388,1.547661,1.606599,1.677508,1.768577,1.897095,2.028384,2.232553,2.416752,2.649522,2.873725,
4,L,218.8,0.0,0.334222,1.861607,2.286433,2.323868,2.371936,2.416165,2.447756,2.490706,2.505976,2.53685,2.568781,2.60763,2.641151,2.638905,
5,R,305.3,0.0,0.206457,0.271534,0.311928,0.350505,0.402052,0.425388,0.470592,0.495619,0.537871,0.574397,0.59829,0.635387,0.68502,0.700535,
6,L,374.6,0.0,0.03967,0.467334,0.937072,1.573832,NA,NA,NA,NA,NA,NA,NA,NA,2.885036,2.888235,
7,R,407.4,0.0,0.050222,0.171464,0.283957,0.3978,0.577733,0.762558,0.936957,1.152225,1.375012,1.965098,2.996199,3.299194,3.475892,3.621154,
8,L,472.8,0.0,0.126341,0.175229,0.229383,0.261745,0.295093,0.321791,0.357341,0.398951,0.427799,0.464927,0.49776,0.547303,0.579916,0.611673,
START_TIME,1596058794.0,
END_TIME,1596059283.0,
TOTAL_TIME,488.8