BURST_NUMBER,ORIENTATION,START_TIME,Gate0,Gate1,Gate2,Gate3,Gate4,Gate5,Gate6,Gate7,Gate8,Gate9,Gate10,Gate11,Gate12,Gate13,Gate14,
1,L,45.4,0.0,0.24455,0.399954,0.645164,0.884226,0.967053,1.055324,1.243917,1.417095,1.578503,1.744183,1.884912,2.053729,2.200135,2.263427,
2,R,106.1,0.0,NA,0.181099,NA,0.382363,0.457197,0.469939,NA,0.611535,0.705527,0.866487,1.001697,1.120362,1.235617,1.29867,
3,L,220.3,0.0,0.028563,0.126563,0.200787,0.282039,0.470842,0.547146,0.670543,0.766018,0.91732,1.057084,1.160416,1.259146,1.374284,1.404095,
4,R,265.6,0.0,0.019063,0.097822,0.146171,0.197624,0.262361,0.317256,0.354145,0.41193,0.489029,0.569647,0.669049,0.78561,0.915023,0.997751,
5,L,353.7,0.0,0.156544,0.604614,1.102433,1.743775,2.320443,2.747753,3.044467,3.778988,4.168359,4.535984,4.753067,5.040348,5.2744,5.450248,
6,R,459.9,0.0,0.170735,0.539188,1.468901,2.167703,2.342416,2.423064,2.661981,2.657402,2.737614,2.859187,3.023366,3.221413,3.317594,3.404217,
7,L,546.0,0.0,0.218645,1.167031,1.931432,2.249638,2.946545,3.366083,NA,3.556645,3.67553,3.821694,3.960506,4.118167,4.267653,4.319243,
8,R,630.6,0.0,0.190949,0.333013,0.715521,NA,0.821889,0.940401,1.390625,1.432222,NA,1.791063,2.099102,2.351188,2.594062,2.851582,
START_TIME,1596060107.0,
END_TIME,1596060888.0,
TOTAL_TIME,780.2