BURST_NUMBER,ORIENTATION,START_TIME,Gate0,Gate1,Gate2,Gate3,Gate4,Gate5,Gate6,Gate7,Gate8,Gate9,Gate10,Gate11,Gate12,Gate13,Gate14,
1,R,262.8,0.0,0.0031,0.106888,0.214771,0.376861,0.625781,0.878319,1.062768,1.193298,1.34009,1.578217,1.897028,2.470571,2.989531,3.736084,
2,L,324.1,0.0,0.467818,1.082172,1.748046,2.219748,3.071615,3.12794,3.201251,3.266774,3.333257,3.389474,3.440675,3.489706,3.541897,3.57248,
3,R,399.2,0.0,0.277708,1.14792,2.414093,2.903708,2.969571,3.050894,3.102104,3.158337,3.19475,3.241071,3.295528,3.33214,3.385138,3.400433,
4,L,466.6,0.0,0.430618,0.505283,0.583633,0.690648,0.853775,1.034014,1.197024,1.406738,1.931401,2.097137,2.446658,3.049756,3.662324,4.096693,
5,R,553.7,0.0,0.13714,1.344818,2.173113,2.738082,3.439742,3.78594,4.14468,4.755305,5.537266,5.886003,6.393486,7.11919,7.805849,8.014746,
6,L,616.3,0.0,0.03383,0.139974,0.237215,0.284109,0.339263,0.377312,0.414348,0.457071,0.50388,0.542337,0.591179,0.627074,0.676028,0.691747,
7,R,673.2,0.0,0.115825,0.193761,0.29795,0.480734,0.644888,0.839371,0.963632,1.114067,1.342659,1.497376,1.724998,2.123461,2.629114,2.827068,
8,L,704.5,NA,0.0,13.185485,13.502722,13.677298,13.934574,14.282176,14.75363,14.938372,15.113516,15.381149,15.739926,15.986341,16.128147,16.208098,
START_TIME,1596062483.0,
END_TIME,1596063253.0,
TOTAL_TIME,769.1