BURST_NUMBER,ORIENTATION,START_TIME,Gate0,Gate1,Gate2,Gate3,Gate4,Gate5,Gate6,Gate7,Gate8,Gate9,Gate10,Gate11,Gate12,Gate13,Gate14,
1,R,82.5,0.0,NA,0.436053,0.508376,0.593769,0.668724,0.732149,0.809094,0.878241,1.005714,1.230444,1.359668,1.439588,1.536217,1.622594,
2,L,135.4,0.0,0.962466,1.552695,1.868594,2.657133,3.520833,3.599136,3.697951,3.782108,3.882765,4.011016,4.194946,4.452826,4.8805,5.136021,
3,R,184.7,0.0,NA,0.729072,1.760576,1.806239,1.85163,1.929249,2.012868,2.100154,2.218112,2.286386,2.432148,2.549007,2.69079,2.820356,
4,L,254.1,0.0,0.1318,0.394844,0.458421,NA,NA,NA,0.658437,0.707677,0.753358,0.804149,0.852159,0.917278,0.973936,1.050975,
5,R,289.6,0.0,0.1928,1.109969,NA,2.154746,2.22999,2.289537,2.346771,2.407054,2.498318,2.550156,2.628849,2.6779,2.760073,2.838412,
6,L,325.9,0.0,0.079848,0.223103,0.353915,0.482242,0.629293,0.768738,0.959877,1.105486,1.187539,1.299018,1.467264,1.679674,2.007393,2.458713,
7,R,378.7,0.0,0.142733,0.728018,1.763916,1.963996,2.30141,2.756703,2.912366,3.394552,3.806469,4.979388,5.804363,6.047254,6.194569,6.325156,
8,L,428.0,0.0,0.201321,0.933502,2.040758,2.156783,2.203976,2.270829,2.325417,2.373703,2.419773,2.467887,2.532415,2.580613,2.645144,2.664012,
START_TIME,1596064169.0,
END_TIME,1596064659.0,
TOTAL_TIME,490.5