BURST_NUMBER,ORIENTATION,START_TIME,Gate0,Gate1,Gate2,Gate3,Gate4,Gate5,Gate6,Gate7,Gate8,Gate9,Gate10,Gate11,Gate12,Gate13,Gate14,
1,L,66.3,0.0,0.144314,0.424632,0.702554,1.047975,1.808049,NA,NA,2.609972,2.730353,2.782214,2.899219,2.946488,3.065166,3.130281,
2,R,112.2,0.0,0.278762,1.837669,1.975918,2.150773,2.318316,2.472454,2.607255,2.747369,2.982402,3.130437,3.332278,3.524825,3.709626,3.98656,
3,L,163.1,0.0,0.964088,1.951395,2.017634,2.089321,2.22256,2.383288,2.684252,2.718942,2.914017,3.394194,3.602755,3.912326,4.272461,4.416408,
4,R,235.2,0.0,0.055401,0.226075,0.429718,0.674559,NA,1.286982,1.511707,1.636734,1.786297,1.936943,2.066945,2.258436,2.409574,2.508996,
5,L,294.0,0.0,0.051295,0.231766,0.430412,0.683568,1.101161,1.226065,1.278265,1.453409,1.636967,1.824234,1.991003,2.158032,2.337046,2.421764,
6,R,406.6,0.0,NA,1.67406,2.637781,2.79078,NA,2.911259,3.23368,NA,3.462172,3.503047,3.601251,3.731971,3.8928,3.987877,
7,L,524.0,0.0,0.054957,0.217536,0.382128,0.633524,0.737663,0.780877,0.82164,0.886405,0.945991,0.988073,1.037895,1.104902,1.156041,1.171252,
8,R,564.9,0.0,0.064092,0.235743,0.677641,0.894577,1.005955,1.130874,NA,1.88907,2.238291,2.331901,2.388332,2.457095,2.54284,2.590848,
START_TIME,1596065591.0,
END_TIME,1596066260.0,
TOTAL_TIME,668.9