BURST_NUMBER,ORIENTATION,START_TIME,Gate0,Gate1,Gate2,Gate3,Gate4,Gate5,Gate6,Gate7,Gate8,Gate9,Gate10,Gate11,Gate12,Gate13,Gate14,
1,R,98.5,0.0,0.168035,1.009325,1.114994,1.244908,1.448589,1.590729,1.777524,1.949197,2.033627,2.096541,2.184063,2.320189,2.465316,2.549712,
2,L,196.2,0.0,0.290973,1.003663,2.912469,3.295991,3.547098,3.59676,3.686911,3.812695,3.983361,4.218531,4.310155,4.405961,NA,4.6022,
3,L,248.9,0.0,0.198381,0.323839,0.408808,0.457025,0.545821,0.603736,0.69731,0.767124,0.861768,0.98508,1.14463,1.375524,1.636867,1.789487,
4,R,295.7,0.0,0.008453,0.066681,0.080811,0.1191,0.172711,0.198753,0.244129,0.287082,0.31693,0.367376,0.404635,0.438216,0.469064,0.501002,
5,L,343.8,0.0,0.158372,0.552833,0.931231,1.617548,4.65778,4.755166,4.857681,4.93043,5.012806,5.137223,5.288797,5.439453,5.565964,5.613929,
6,R,416.1,0.0,5.01199,5.294079,5.490996,5.76055,6.21809,6.643407,7.047777,7.376074,7.428673,7.470387,7.526834,7.576612,7.612597,7.631469,
7,L,474.2,0.0,0.435625,1.769351,5.103758,6.688348,7.626954,7.882405,8.199592,8.398861,8.633459,8.877723,9.173938,9.374907,9.629365,9.807929,
8,R,575.2,0.0,0.068166,0.355046,0.538396,0.648956,0.755832,0.869059,0.979086,1.059833,1.135657,1.252453,1.31667,1.377408,1.440293,1.475601,
9,L,624.7,0.0,0.349673,1.808798,8.313253,8.367956,8.445778,8.537918,8.661267,8.777667,8.90893,9.038507,9.192569,9.379955,9.537802,9.601098,
START_TIME,1596080090.0,
END_TIME,1596080740.0,
TOTAL_TIME,650.0