BURST_NUMBER,ORIENTATION,START_TIME,Gate0,Gate1,Gate2,Gate3,Gate4,Gate5,Gate6,Gate7,Gate8,Gate9,Gate10,Gate11,Gate12,Gate13,Gate14,
1,R,34.2,0.0,0.347805,1.354522,1.953242,2.009757,2.094589,2.208641,2.318473,2.429279,2.528594,2.625797,2.738204,2.853375,3.014171,3.094005,
2,L,88.8,0.0,0.747287,2.256985,2.299014,2.340777,2.400684,2.436082,NA,2.527724,2.582388,2.633292,2.680746,2.728739,2.779377,2.798203,
3,L,181.4,0.0,0.093806,0.282404,0.421749,0.544136,0.648378,0.786185,0.960793,1.140966,1.408843,1.668901,2.055471,2.607314,3.832355,4.494483,
4,R,217.6,0.0,0.053348,0.158461,0.482527,0.693819,0.92258,NA,1.319749,1.38902,1.481331,1.544136,1.613836,1.690162,NA,12.169504,
5,R,308.1,0.0,0.015583,0.063356,0.151856,NA,NA,NA,NA,NA,NA,0.546179,NA,NA,NA,0.849963,
6,L,395.7,0.0,0.110762,0.332166,0.772884,1.74667,3.818875,4.417634,4.466826,4.519174,4.551212,4.582832,4.616716,4.653555,4.68963,4.708847,
7,R,434.3,0.0,0.267136,0.332703,0.441496,0.511059,0.544343,0.582197,0.621876,0.656552,0.704658,0.746908,0.772755,0.834963,0.885293,0.900175,
8,L,478.8,0.0,5.136912,5.339472,5.509736,5.550373,5.643761,5.752722,5.892022,6.072989,6.214068,6.349968,6.477991,6.681502,6.844926,7.043566,
START_TIME,1596082966.0,
END_TIME,1596083472.0,
TOTAL_TIME,506.5