BURST_NUMBER,ORIENTATION,START_TIME,Gate0,Gate1,Gate2,Gate3,Gate4,Gate5,Gate6,Gate7,Gate8,Gate9,Gate10,Gate11,Gate12,Gate13,Gate14,
1,L,123.8,0.0,0.200466,0.519302,1.077868,2.60083,2.712924,2.802058,2.884085,2.958008,3.020538,3.13929,3.253398,3.401245,3.505114,3.559828,
2,R,179.7,0.0,0.52318,1.984803,2.04414,2.125375,2.214947,2.287319,2.346222,2.420728,2.486825,2.563754,2.67099,2.76874,2.865811,2.917517,
3,R,255.8,0.0,0.393573,0.701359,0.800911,0.905169,1.031367,1.140071,1.246695,1.350767,1.444314,1.532666,1.616678,1.748433,1.887572,1.96435,
4,L,311.1,0.0,0.097631,0.261338,0.488358,0.841006,1.574478,1.614584,1.700381,1.787368,1.906384,2.006517,2.089909,2.186605,2.252224,2.302177,
5,R,342.7,NA,NA,NA,NA,NA,NA,NA,NA,NA,NA,NA,NA,NA,NA,0.0,
6,L,369.4,0.0,0.033448,0.187882,0.34096,0.410666,0.541245,0.720366,0.880938,1.010213,1.201607,1.530006,2.505827,3.326672,3.512291,3.52694,
7,R,402.8,0.0,0.098715,0.822781,1.879709,1.951408,2.075025,2.133729,2.20284,2.266139,2.355401,2.452357,2.538591,NA,-6.117855,2.859807,
8,L,439.5,0.0,0.098495,0.427247,0.80636,1.148876,1.246905,1.30673,1.347544,1.38783,1.434088,1.48016,1.539377,1.59273,1.645474,1.677177,
START_TIME,1596085366.0,
END_TIME,1596085856.0,
TOTAL_TIME,489.7