BURST_NUMBER,ORIENTATION,START_TIME,Gate0,Gate1,Gate2,Gate3,Gate4,Gate5,Gate6,Gate7,Gate8,Gate9,Gate10,Gate11,Gate12,Gate13,Gate14,
1,L,122.8,0.0,0.191482,0.51027,1.024994,1.442526,1.999481,2.039296,2.097348,2.18123,2.259645,2.375229,2.488733,2.569463,2.701093,2.764965,
2,R,177.4,0.0,NA,0.231362,0.294687,0.353661,0.428651,0.503961,0.559103,0.648394,0.760762,0.844551,0.989852,1.110028,1.22761,1.308926,
3,L,249.5,0.0,0.198606,0.833011,1.698367,NA,NA,2.203152,2.268373,2.383322,2.473302,2.587144,2.689201,2.781659,2.895126,2.94319,
4,R,308.8,NA,0.0,14.584083,15.34126,16.314029,17.226882,17.347248,17.486007,17.635274,17.749425,17.880091,17.979949,18.125363,18.286183,18.391012,
5,L,386.8,0.0,0.262683,0.374948,0.440509,0.501159,0.565658,0.611531,0.679307,0.761975,0.832024,0.899722,1.007784,1.126647,1.275341,1.344162,
6,R,421.6,0.0,NA,5.844508,6.80447,NA,NA,NA,NA,NA,NA,NA,NA,NA,NA,13.567296,
7,R,479.6,0.0,NA,0.706962,0.762998,0.794723,0.854911,0.911227,0.999782,1.136858,1.266393,1.360977,1.492055,1.639187,1.775359,1.836922,
8,L,538.8,0.0,0.173372,0.43569,0.596471,0.751881,0.895829,1.001687,1.126578,1.23109,1.373049,1.568201,1.809997,2.151933,2.712272,3.096895,
9,R,581.3,0.0,NA,2.072131,2.715742,2.776948,2.857267,2.978345,3.117231,3.263393,NA,3.591056,3.804454,4.157007,4.4105,4.681485,
START_TIME,1596091181.0,
END_TIME,1596091809.0,
TOTAL_TIME,627.1