BURST_NUMBER,ORIENTATION,START_TIME,Gate0,Gate1,Gate2,Gate3,Gate4,Gate5,Gate6,Gate7,Gate8,Gate9,Gate10,Gate11,Gate12,Gate13,Gate14,
1,L,46.4,0.0,0.029038,0.119175,0.191543,0.263761,0.311429,0.369349,0.420375,0.48672,0.534793,0.582031,0.61768,0.664635,0.712637,0.7333,
2,R,107.8,NA,0.0,7.485575,8.147857,8.826007,8.885923,8.94717,8.98804,9.050966,9.0996,9.135241,9.185034,9.210551,9.250262,9.280249,
3,L,203.8,0.0,0.047726,0.142321,0.248311,0.321677,0.387148,0.447948,0.541863,0.66516,0.807643,1.032284,1.302807,1.792718,3.46393,3.883496,
4,R,249.6,0.0,NA,0.346301,0.532608,0.764846,1.08111,1.542742,1.848444,2.095099,2.37581,2.629392,2.678515,2.726488,2.776764,2.809742,
5,L,354.1,NA,NA,NA,NA,NA,NA,NA,NA,NA,NA,NA,NA,NA,0.0,-0.075334,
6,R,423.7,0.0,NA,10.368328,19.569457,19.609865,19.68663,19.744061,19.798491,19.857232,19.902269,19.972214,20.081656,20.175418,20.291564,20.390855,
7,L,549.4,0.0,0.410667,1.401545,2.361618,2.483699,2.799362,3.06932,NA,3.433815,3.757273,4.077839,5.323431,6.346985,6.933123,6.992823,
8,L,621.2,0.0,0.196012,0.402356,0.541176,0.659378,0.815247,0.934997,1.076413,1.252457,1.428649,1.662631,2.001836,2.497159,3.350681,4.012067,
START_TIME,1596093032.0,
END_TIME,1596093695.0,
TOTAL_TIME,663.1