BURST_NUMBER,ORIENTATION,START_TIME,Gate0,Gate1,Gate2,Gate3,Gate4,Gate5,Gate6,Gate7,Gate8,Gate9,Gate10,Gate11,Gate12,Gate13,Gate14,
1,L,623.6,0.0,0.049083,0.117813,0.19187,0.240461,0.279191,0.326352,0.359698,0.395707,0.412027,0.45188,0.469408,0.52091,0.538478,0.557733,
2,R,648.1,NA,0.0,7.184596,7.239868,7.270607,7.299375,7.326541,NA,NA,NA,7.418868,7.449843,7.466854,7.504168,7.506889,
3,L,701.5,0.0,0.155363,0.259292,0.313775,0.363608,0.401414,NA,NA,0.527456,0.582722,0.632836,0.702956,0.746434,0.820393,0.850384,
4,R,744.6,0.0,0.203749,0.473011,0.786598,1.294457,1.951964,2.258585,2.796916,2.99645,3.627116,NA,NA,NA,NA,10.259551,
5,R,809.4,NA,0.0,NA,NA,19.67658,19.683901,19.736393,19.873384,20.03328,20.209686,20.329836,20.437521,20.59881,20.878053,20.961936,
6,L,895.9,0.0,1.575112,1.835992,2.195176,2.890651,4.270465,4.635342,4.825947,4.975217,5.224124,5.610943,6.13822,NA,6.020524,6.659641,
7,R,934.2,0.0,NA,0.554494,0.690036,0.836677,0.980297,1.119742,1.224485,1.330325,1.470742,1.637727,1.865585,2.191812,2.727859,3.148959,
8,L,989.9,0.0,0.456495,0.612527,1.095624,1.559601,1.835048,2.237289,2.658022,2.919959,3.311691,3.845207,4.18863,4.537952,5.20328,5.734786,
START_TIME,1596093923.0,
END_TIME,1596094936.0,
TOTAL_TIME,1012.7