BURST_NUMBER,ORIENTATION,START_TIME,Gate0,Gate1,Gate2,Gate3,Gate4,Gate5,Gate6,Gate7,Gate8,Gate9,Gate10,Gate11,Gate12,Gate13,Gate14,
1,R,90.2,0.0,0.103616,0.176661,0.253302,0.360544,0.502355,0.654559,0.792435,0.896796,0.995309,1.077653,1.158497,1.23679,1.348349,1.4513,
2,L,131.1,0.0,0.016709,0.07377,0.115211,0.153571,0.199176,0.243098,0.275172,0.318635,0.357444,0.389955,0.444276,0.49321,0.525122,0.557533,
3,R,187.8,0.0,0.192847,0.640269,1.475505,1.732438,1.959733,2.209439,2.665441,2.811523,3.091183,3.154501,3.216786,3.343957,3.507659,3.637244,
4,L,223.6,NA,NA,NA,NA,NA,NA,NA,NA,NA,NA,NA,NA,NA,NA,0.0,
5,R,301.4,0.0,0.115768,0.495622,1.390185,NA,1.699754,1.815753,1.857324,1.909259,1.970646,2.050229,2.149438,2.323739,2.551595,2.58245,
6,L,357.6,0.0,0.054484,0.144429,0.238954,0.282464,0.338462,0.427487,0.502466,0.566965,0.630901,0.725092,0.810056,0.890819,0.955297,0.987092,
7,R,406.0,NA,0.0,17.580567,18.057195,19.064528,20.413032,20.808233,21.301495,21.660713,21.788638,21.946871,22.08301,22.321063,22.603465,22.879748,
8,L,475.7,0.0,0.073409,NA,0.161349,0.19983,0.256985,0.310727,0.367422,0.398257,0.453104,0.503015,0.567676,0.615699,0.659319,0.683424,
START_TIME,1596108294.0,
END_TIME,1596108801.0,
TOTAL_TIME,506.5